792
4137
673
-3043
-989
3973
1712
3081
4420
-1109
1508
-3669
-33
-4862
-2065
-252
2418
3897
-337
2633
-4725
-492
2377
-1621
3478
-731
482
-1439
4435
-4173
-2675
-3691
1382
250
4110
-3543
4904
-3794
-4259
676
-2757
2621
-153
4124
699
-783
30
-1391
4416
-34
-2256
596
3840
3950
-3563
-4078
385
3622
4977
753
-4836
2613
-1926
-1466
-2019
2009
916
1473
4023
-2195
-1144
-4746
-2635
-2909
-3709
1848
731
986
-1829
4867
-2870
3372
332
-90
-2366
1399
-80
-4980
578
4646
-3347
1206
1691
4923
3063
-1578
-2478
4987
-2457
3274
3540
3462
1524
-492
-3067
2641
-1586
658
-1471
-142
1594
-2674
-3261
3415
-1690
-1452
-1309
-1612
-1026
-4821
-3222
743
-2233
1906
2450
-311
1689
2889
-3591
-4204
-1206
-2375
1316
-4852
-3739
-303
-161
4379
4058
3342
2082
-1284
-3745
-682
-3232
3955
-76
-3599
4825
-1960
-29
724
-3265
4686
-90
-3397
-4234
-2492
387
-206
3349
2504
-637
-4639
-647
-1725
-2672
2418
-3096
2917
-2692
2896
1810
-2083
2270
94
-2652
-2412
-4680
2368
7
-1945
-844
4682
3445
1344
3404
-2700
-4276
-192
3417
-2138
-2326
4699
-1276
2454
4808
-1217
-2200
-1573
2004
2722
4088
3149
3910
2088
1740
4203
-1132
-306
3607
2792
2529
-1226
-2812
-1806
-192
543
1855
4529
-1562
1616
1168
1033
-691
2192
-1487
316
629
-1483
-3087
-753
838
3944
3937
1623
1360
4257
-2420
-3664
-2509
-1739
-348
90
4394
4088
1095
1344
2498
3120
-3391
-3690
4201
-136
-1382
2718
-1998
669
560
1943
1989
713
3023
-3885
-2062
2793
-339
2564
4550
3725
-221
-3262
1542
-1012
-4843
-85
1192
3250
3698
-3192
-4318
-601
4342
4535
2858
-3780
-435
-1990
-4980
3397
-2605
1004
-1302
-4467
-457
2651
-4627
-4725
2206
-2265
4026
-4144
-733
2085
-3072
-1943
-2292
-416
622
3767
-376
461
4754
3560
3748
-1847
2219
1121
-3715
-2319
-4944
1515
3423
1357
-1175
4776
4604
-4597
1451
4192
-1991
84
4626
-2628
34
-2004
-1034
46
-1426
-517
4080
4379
-2147
4675
-4538
2326
-2771
2014
-3934
-1445
-3972
-810
2481
2276
328
-4128
2887
-549
-766
-250
-4161
2077
4274
-353
3744
4519
4259
4061
-2292
4592
2127
-1534
546
-1949
4501
-1296
1299
3191
2390
-1124
1665
2044
2960
1246
-4204
3157
2322
4728
-762
4652
-738
-3360
-3682
-4362
-4228
3388
-3734
-1515
283
-4791
-331
-1932
4130
-3192
2712
3282
1189
-1082
2492
-4114
2435
2470
-2306
4219
-1444
-2611
-1556
3920
-2608
313
-900
-3649
-1565
911
3835
-1985
1468
-1088
-14
2873
893
1959
485
-468
589
-1439
-122
4621
4592
4377
-1194
-4594
-1064
4672
-1028
-2551
405
3814
3230
-1798
-2552
4311
-3573
-2633
677
4085
-1621
2428
-1929
-1411
-4882
199
3501
2281
-4399
2525
3698
-2990
4032
-2281
-182
2255
-1467
-900
3512
-722
1598
3612
-659
4462
4861
-729
1884
-3081
2009
-1080
-904
2406
-2511
1873
3406
1209
-2191
-1452
3343
2595
125
1259
2006
333
2698
-4524
-2456
-2358
4812
4365
-823
2453
314
4920
4986
3176
-2962
-2677
1680
2715
4168
-537
3185
-648
-1454
4802
3080
2151
1390
-3437
1400
2027
-1396
3465
1324
4968
376
-327
1453
4159
32
2291
-2115
-1977
2739
2928
1504
3946
-3276
-4583
-4838
-1335
2750
39
1827
-2979
2625
1314
-1161
1083
-117
4696
619
371
1139
-3299
-150
-827
-4066
857
2141
-1055
3908
-781
4105
4986
-2404
-2328
-3775
917
-4204
2359
764
-3932
4429
572
-2670
-695
371
3575
-1663
1017
3691
-1432
-2068
-2432
-1403
-3974
-4206
650
-4240
-3447
1324
3861
588
4113
-2704
3377
3339
-1244
-557
2032
689
2456
-2308
1936
-4357
795
1491
2050
-564
-3261
-3400
-1594
2146
-2233
927
4997
-4074
2179
3817
1658
4754
4076
2511
2014
3902
-623
-2297
592
-3581
1849
-1991
-4867
4832
-1425
-2773
-2975
-3973
-473
-1783
-4070
3935
2220
-2864
-1756
-1757
2855
1945
-4425
924
-498
1267
3594
-567
-1161
3737
-4910
-2837
327
115
-277
-3816
907
-1784
-1487
149
-1566
-2528
-357
416
4821
1832
917
1824
-3948
-785
-3303
-2476
1727
3437
-1622
3928
2461
2276
3660
1575
2796
-4050
467
3834
-4858
-826
-3546
-4226
269
4370
-1345
1219
531
-4914
-3885
3120
-248
996
-2071
-2060
-4864
3959
-2344
-2744
-2320
624
-2399
4609
3685
719
54
-1423
3922
3459
-4507
844
-2748
1716
806
-3880
-3869
-4291
-2307
4862
1559
-3320
4315
4398
-2684
1954
2999
2255
1156
-2563
-347
707
4960
1764
3217
-1960
3435
217
1130
1515
1098
-3750
-1970
-744
-2620
659
-4451
4060
-3870
-1939
892
-4789
1570
1939
3865
3806
-4562
3749
-4058
3668
1556
-1899
-588
3609
738
-2385
-2146
-364
577
-2538
2958
42
-4421
1801
-1393
-656
2361
2261
-4175
-4691
-4531
-4268
211
2318
-4792
1795
-1552
3860
3914
3713
1528
-4376
4548
2979
3050
-1714
-165
-684
1723
-4409
1228
826
37
4048
694
1460
1567
2072
2808
2239
2725
3439
344
-88
-3068
-4694
-3891
2796
-4268
563
-4070
3034
-3086
654
-2472
1866
4729
-2602
-338
-4408
1885
2437
1728
4056
-3709
-3374
-4831
4429
-4896
-411
3078
2549
-35
4662
-2088
2828
372
1892
-4395
2065
-583
3441
-2124
-4571
-3816
-422
-4124
1215
3095
3461
2368
4605
-313
1043
1168
2550
-83
3925
351
3626
2183
-598
4549
1482
3453
3078
-1983
1940
3910
3263
4
-1545
4292
-3103
-4388
-3291
4781
1522
-3893
1430
-377
-2961
-3740
-2039
-2993
-4876
4482
-3402
4165
2523
-3547
-2625
1176
-660
-3382
-3676
-1334
-3677
2405
-1867
-3857
-3728
3118
3346
1655
-4329
789
1103
118
1159
2115
2099
4749
-1048
-1794
-1584
-3930
4333
-327
-211
3745
186
-1066
4734
70
-3809
-4407
2965
790
738
3946
-4174
3827
-1718
3718
342
-2248
-4857
-4477
4949
-634
-1328
-1538
1450
509
1156
-2109
1492
-4493
-2734
2904
862
-2028
3188
3207
317
-4874
662
4134
-1102
919
-1179
1444
-337
-2635
146
2
-3498
682
3157
-2069
4189
-221
-3890
-1342
-4370
11
-4713
-4121
4587
-3800
-1898
-4971
1663
3314
-3921
4763
31
1083
-459
4820
-4001
-400
-2975
2694
545
-1094
2907
-892
-4824
4913
341
-3984
2186
-3810
-4600
-1407
-492
715
-250
-1060
-1096
3370
-4946
434
-1582
799
2605
3158
1720
410
3362
-3031
-4257
-1931
426
1252
-4598
-2426
-1142
-127
-3282
-4783
-3717
-2857
-4191
-2594
-4416
-4096
-944
-990
-3517
1896
1712
-1411
3261
2868
3708
-4481
-2812
4125
1325
-2121
-2386
4056
3272
4394
-4028
-4909
3616
4476
-3678
3469
-1075
-2737
-3781
-749
-3691
-4699
4410
3555
-1098
-3981
-3853
2255
-1275
2484
-2265
1695
-2703
-4410
4983
-4461
-655
-4186
-2417
-4668
4828
4339
2484
-1850
-937
4977
2568
-963
-3576
333
2634
-1272
1290
-968
-1781
4878
-4887
-4478
-1606
-1469
-3315
-1804
-4654
3367
-1532
2265
473
-3892
-696
-2502
4969
-4909
3104
-3675
2060
4594
-4031
-199
-624
4499
-3051
353
-4518
2731
-2172
3850
-1946
5
-3201
4867
2573
555
1596
-2464
4015
624
874
443
-2512
1437
-1850
312
-1873
1783
-4857
4754
-2703
2313
4996
1511
1325
-3980
4678
-4018
2864
-4673
4792
-2144
-512
1996
-1654
826
-1202
-3848
2692
477
1909
2190
-2872
336
-4017
-710
-2160
675
4102
2085
-1033
2848
2615
-1678
4067
-48
3219
755
1536
-2280
2080
-4487
1848
4046
-2275
-1994
-338
1147
-3246
1584
-2645
-1713
-635
-3195
-3281
-2356
3769
2230
-1959
-1280
4273
1857
1810
2082
-3069
4207
2131
1992
2807
-2570
23
-3565
1134
3516
-4213
2312
-752
-4439
577
-2597
-3250
-4345
1876
-1766
4342
-2375
-3482
-2285
2308
-4315
-3755
-1581
-2795
-4993
861
1948
311
772
2135
1298
2637
-736
-4242
4899
-1137
1676
-1886
2961
3214
3047
1477
-1059
-684
3104
2227
49
-4806
2717
2704
-967
2979
4459
3593
143
-1242
1011
76
3747
3865
4629
-2941
-4061
1928
4724
747
-3012
3621
-850
-1789
317
1146
598
2704
21
-2806
3439
-259
313
-2091
-297
1632
-1069
-822
-2627
1752
-4967
-474
1153
1250
-2727
-853
4791
4219
607
1917
-3960
3648
-1997
-1163
2005
2097
2306
-4312
-3736
3700
1703
3026
-135
-4027
1429
-2964
-2695
1323
4980
-2051
-4369
-4490
3685
3884
-3747
356
-1164
-269
4862
740
313
1343
3774
-3950
4411
-3820
2678
-2992
1874
1054
-1070
-2603
-3209
4850
-1631
1407
-4310
1874
1993
1749
1311
4736
-428
-4521
3815
-2582
-4182
1783
3238
2419
3469
1888
1414
-1885
-4485
4116
4024
2884
2932
-3131
-878
4413
40
-2935
601
2956
-2277
2656
284
-804
-359
4929
1562
-3145
1728
-1600
1426
1380
3150
2300
4133
-4911
296
1526
1402
-772
4275
1644
-66
4811
4419
-4542
-4859
2763
2190
-1742
-750
-4762
-2244
-2165
-1538
2174
-3938
181
-551
-3690
3672
260
10
-3649
1995
2938
3876
-4881
3875
4471
3192
4287
-2646
2956
2177
2843
2744
4126
2912
-3988
3704
1605
-3532
-4206
3256
-3084
-4011
4763
-3924
4579
-4034
-3135
3887
535
-1339
-1425
4567
3412
2824
2691
-1245
-2663
3845
-4737
-620
-3607
-3067
2314
-3706
-4694
4503
3780
-4390
-1194
-3819
1206
-335
255
2933
3367
2391
-480
574
3164
-695
3966
4693
-1097
-3484
-1075
-4829
-1808
-164
4927
356
-2719
-3115
-3305
-3969
-2598
2354
-3876
-3731
3013
-2696
281
-984
-59
-179
-3439
2625
4775
-621
-209
894
-485
4219
1564
-4946
2780
3271
-4118
2475
2729
4193
-4899
-1061
-1656
-3071
-2023
-1422
577
3391
3207
4823
134
3669
-191
-4479
4018
2608
-4484
3134
-4977
307
502
-95
-1854
1096
4565
4134
-2703
-4780
4559
-2510
3700
3846
-3496
-2148
-1799
1852
4661
-2511
-1230
-3967
4879
2889
-471
1831
2579
-3036
-1597
-2883
-281
-1392
2770
-2291
-3481
-1861
-3947
-1227
3149
351
-4358
4255
-257
4622
-1132
-1409
2866
2779
1687
-4631
2173
4499
0
4813
-3672
390
3874
3008
-4365
3654
4411
-1272
1395
4203
-987
3428
-3753
4192
-440
-1099
2569
1853
509
-20
-3424
1634
-1795
2610
3953
221
-681
1966
70
873
1329
4950
4983
-1741
3382
-586
-2731
3673
-2802
-122
-746
3458
363
-4421
-2214
-1532
3823
1532
1340
998
-4293
1871
1524
4450
-3869
-2512
-1639
3558
605
-4947
4932
2152
-3688
-1039
-321
-4412
1593
3547
4220
1843
-848
1674
-2589
2905
3257
2359
-4221
-1109
4638
4495
3322
-4772
2282
2044
-2256
2147
569
-161
-1507
1594
3660
-3460
3914
3188
4728
-1215
4629
-4148
910
3476
-2178
855
1829
-3319
1742
1958
2674
4653
3480
666
1546
-798
-152
387
-1762
1270
-4425
-3081
2405
2754
-719
3420
3896
-371
3485
722
4519
3371
3531
1072
1033
-427
-1107
-4535
-672
-1098
-1684
-3750
-101
2783
1851
-2812
1349
2823
-1432
304
2763
-1821
4591
-4812
1754
2670
2601
-4240
4550
-491
2465
1797
584
146
1191
-4957
-3681
2642
3342
-3971
-4377
1285
4656
44
4791
-4414
3761
-4996
4820
-2972
592
-937
-4989
-3579
-2742
-916
3692
-4522
25
284
-198
920
2954
-287
-2449
-886
-132
-85
-444
-4609
-2540
2392
2381
-3221
382
2894
-3717
-4486
-4658
-4664
-3476
1325
4212
-4356
3741
-4158
509
21
-961
878
-1434
4338
-4729
-166
-2548
282
1168
-104
-4161
-870
-3445
3536
-1483
-996
3574
-389
-4726
4437
907
-2053
2437
-4948
4175
3653
-250
-1326
555
1612
-2964
-2894
1895
-1317
1107
-4825
3810
-1505
-4374
1156
-4322
2463
-2957
-1692
3513
-4471
-1437
4863
454
2010
2121
869
490
-887
4092
-1078
-638
304
1820
-3746
4001
-744
-1861
-2232
-1544
1473
-2059
-2274
1374
-4485
2681
-2188
2399
-1197
4588
-338
1537
-2547
-3629
-732
-1151
-3445
-306
-591
-2932
-4361
2197
2967
-4086
1331
2826
-2348
2820
2106
-1811
-2311
-2698
1090
3118
1276
2784
-1743
-1555
-3748
3334
4761
-4658
-2820
-2408
322
-4711
-4897
4124
4914
-1251
-1890
-4106
3531
-1004
4616
3273
-1327
-3550
2903
1800
-1706
-297
-693
-1867
1492
2724
2389
-677
1351
3338
-3166
-233
-3547
-1618
4402
-3743
3226
984
-4764
2921
-1564
-1845
944
-4212
4183
-2897
4896
4821
-4562
-1126
-2196
4896
2064
-915
4208
4682
-2805
-4742
380
2708
-1697
-348
3993
358
-1383
2527
2019
3313
-2870
4294
1847
4461
-4620
3915
122
3937
-4511
2905
1907
1200
-3041
-971
-4010
1088
-916
2979
-4146
2551
2666
3941
2694
2526
3839
-3810
-203
3271
3899
1381
-1932
1083
1943
1125
-2884
3084
-2009
-2367
-79
1561
-277
-3995
3621
-1408
168
-1657
-4534
-3443
-274
-1876
-968
4753
965
3832
119
-3474
2985
3501
1514
-3953
-4049
2164
-2872
2900
-4141
298
-4104
-4118
2560
3153
-376
-1255
3946
2184
-2502
1048
2172
-347
4924
4059
2825
-1010
-3198
-2292
-1263
-2649
3667
3560
754
1653
3132
4096
-3832
4753
3876
-1617
-2829
201
3390
-1125
-3245
-64
-140
-3643
835
3205
-3401
-1285
-2977
882
1808
4157
-1901
-2981
-2175
3052
-2255
-3754
4941
-3586
4238
3194
4416
463
-3990
3695
-836
3249
1051
3381
4818
-1852
-2891
3793
633
1728
4600
146
3454
-2577
3573
3554
3817
952
-2594
4264
3063
854
3706
4794
-2647
-4329
4225
2175
-4199
4208
2138
1250
-236
-3586
-4849
-45
-856
-4937
1065
-4824
-773
-337
-642
2753
-2267
1319
-2125
1353
-2436
3183
79
-680
986
-420
3423
390
-243
-1147
3823
249
-118
4775
-4757
4351
-3137
-2967
-1582
2599
324
-2615
-2700
2122
-195
3429
696
-4153
719
4294
-4275
-1892
3500
-4633
-3845
-1407
3085
-4413
-3484
782
4699
-1284
1196
-1172
2393
3912
1698
3529
-14
-346
-4102
-2347
730
-2817
-1975
-1958
4644
-4201
2268
4584
-1824
-2014
693
4062
4222
2547
964
-11
-2108
4896
1806
-2250
4503
-335
124
4668
-231
-72
-2862
-3420
-3728
-4214
-4070
513
2095
1803
3084
524
2467
-56
-1459
-2424
4492
-4146
-3102
3331
4582
4952
-2369
4521
-1981
-1995
2880
2019
87
-4936
210
1517
2559
-1319
4623
3380
3982
-71
3333
2542
-4074
-4589
-3966
4036
-3217
381
-3906
-1126
-1960
-1570
773
3296
-4825
857
-2720
-4127
-658
3480
3726
-1736
2316
-28
3972
-4814
-2691
-3088
-674
846
2432
3782
3105
3217
-3965
-3703
-1505
-4473
252
-3398
133
-1116
-426
53
-524
-1176
342
4891
794
-3072
-438
-2725
845
3113
4093
186
4516
1040
-3127
418
3202
-3659
3449
-1434
1040
270
-2294
-781
4469
-4312
-3650
-2431
2372
4824
3612
-2279
-765
-1569
4135
-2878
-765
-4788
793
708
833
-3925
4156
3997
-1784
2203
2966
913
-160
3933
-866
3756
4871
-4247
-81
-957
362
-2293
1656
-3799
-1391
-3398
269
2237
3844
-2023
-2035
4065
-4322
-2009
2353
4421
-3667
-319
3502
-558
-4734
-3465
-2857
579
-2469
-4549
323
-659
-374
3877
694
4831
-446
2500
1790
2004
366
3184
3597
-3803
-2162
-53
2701
-4932
4078
2646
4869
-2908
-3483
-4609
-1193
-452
-1929
-4729
2963
3402
2391
-78
-4053
-2804
-147
-632
772
-183
656
1560
-2970
1814
-3648
-2116
-560
-443
-4926
4856
555
-2344
-567
3996
1881
3907
2285
-2231
-470
3200
91
-2400
-485
4203
4425
-1370
-4325
1518
2420
-780
-4997
-57
-2248
-1958
-1134
-4828
1515
-300
3562
4865
246
4
-3989
4857
4961
543
-3583
-2920
-3062
772
140
3057
3458
-3914
-4924
-2837
-140
4907
2631
-4458
1587
638
3153
-3476
3375
-65
4487
-1390
-445
-87
-2592
2781
2286
2116
-1696
3250
-3876
-3279
465
3302
-320
3251
2369
2740
-3760
-4675
2131
1213
-3571
3318
4930
2857
-2514
4953
4505
4763
-2888
-3815
4776
4579
4924
-4318
-4108
-4627
-4979
-661
1182
2871
2476
423
-2338
2416
4722
-726
3532
-3524
-3415
-4087
-3718
-4252
-4953
-3846
-2015
-2294
4984
-389
-2457
-70
-3993
4782
-1398
1180
1802
-286
-2580
-171
4455
-4883
571
-1091
1894
4773
635
-1556
2148
366
3938
2606
-4432
-3763
-4529
-442
4311
-3381
-1416
2590
-393
-218
4255
2204
-3055
145
-447
1936
-16
-4836
4171
762
-2239
3310
329
-280
750
4222
-2084
-883
-2789
4450
-1402
-3155
-4837
-2306
4965
-3451
-369
-546
3258
-4200
-2515
-3841
3158
132
3658
-1993
1792
2724
1268
277
-3627
1166
-1106
3427
-2068
-661
4696
2200
2933
3175
3274
-2470
-1155
-3426
-1443
-1200
896
2807
4246
822
-2516
-99
-2224
-4790
-2114
1688
-763
-4989
-2580
-1253
40
945
-4098
2790
-3134
4271
2585
-4501
4456
1189
-4038
1710
-3419
314
139
-4987
3705
1655
-555
4911
3101
2935
-1646
3665
-1710
-4518
-3731
4059
-3082
3097
-4343
-391
-1982
307
1163
-2954
-302
-4058
-3916
251
2225
-3750
3823
-4619
4929
-1481
3428
-59
1124
1894
3750
-287
4027
4421
-161
-3977
-4648
1908
-3146
-4367
-4447
4013
2714
4436
484
1681
-2226
-2782
2913
1197
705
-2144
4025
1915
3352
2978
-4671
-4716
-4597
-3918
3971
-4413
121
-1920
-2815
-4699
-3880
1587
-1370
3453
-3267
4702
523
500
2420
4142
-4269
-531
-4179
143
-3708
-4026
-285
2701
-2878
1451
2618
2200
3690
3749
4069
962
1416
4080
2785
914
-4411
-4998
-1679
3595
-624
1462
-3994
-3978
-2424
-4287
-1397
107
-349
-2948
3851
2015
-114
4823
4095
-105
-110
1519
504
2731
911
-1089
-2203
-2746
4440
2274
-1934
-742
4714
3224
-563
-3344
-1766
2182
-106
-2387
2106
2968
1746
-816
3528
2658
-3140
3671
2756
900
4585
4818
-1509
11
-2442
-3057
4516
-4828
2528
2260
199
2012
-320
4796
-1419
-749
-2863
-3064
-2856
-3552
-1697
-3641
-4168
2909
-706
-2320
-3018
322
-3692
-948
3673
-4545
-3708
1009
466
-2605
-2776
1128
1294
4938
-4966
1040
2585
-1100
-3713
-148
473
-4944
-3488
1191
126
-2809
-1417
3848
-3677
3573
4819
-4544
4113
721
-1289
-3216
1841
3662
-4075
2424
2572
-1333
3618
-230
881
3845
3382
-499
-527
-3876
1107
606
3771
-1390
-4576
-3120
863
4000
321
2772
3809
1651
1524
1700
-2500
-1965
-2790
-1399
529
-3723
1583
-2452
-2725
-378
633
2105
3183
4327
73
4800
-3835
1705
4609
-1130
-4467
1934
-333
-616
4449
-737
497
-2657
-4570
171
4870
4335
4589
204
1711
-2775
-228
2358
3288
-4703
676
2793
3119
2793
270
-3354
-4233
1916
4695
-81
1964
2488
1142
-4298
-2915
162
4294
2183
4331
493
-3244
-3438
-2356
2181
1799
752
-1636
4742
1046
279
2545
-54
3802
3240
1162
-657
3042
4726
276
4966
973
-3727
3704
-2056
-1960
4128
3395
-1501
-1389
-1027
4723
-318
-3822
2539
-3269
4267
-4387
-2350
3012
-510
196
-1845
3473
-1205
-3853
4951
-1811
-131
-2098
-3383
-1133
2801
2505
-2524
-4391
-2870
-1225
2623
-3991
-3106
173
-2730
1037
-3214
3025
-2918
-2009
-811
-364
1864
-1429
739
3146
-138
250
-199
-2014
2378
1356
-2136
790
-4683
-4424
2050
-4287
-452
-1853
3490
-2393
3976
3219
2744
1174
-573
-2706
2946
-617
419
3652
3510
-3263
4820
-2666
3771
-4598
3053
-4687
2760
-2229
2708
-3285
-3772
-1361
-3091
-743
3629
3831
-1779
3386
-3084
2765
-3506
436
21
-3213
4635
-1111
196
4696
4619
-4075
1027
806
-1734
-4697
-1024
-1189
179
-1783
587
-2639
-4838
4638
-2635
-1940
821
3928
-2491
-3840
-2645
-4077
-1980
-307
-4059
-3615
4536
3816
-1039
3186
-4643
-3113
725
-385
-689
-1800
-4240
1460
-3115
-4258
2332
3608
4967
-3207
2656
2986
-1792
-2062
-3406
2681
-1746
3440
-4695
-480
1158
-2071
-3135
2701
-4443
3577
4216
525
-2943
-1960
4261
949
2527
-3093
184
1887
-1843
665
-1204
-145
-1553
-2984
3321
-2303
3751
-2636
871
482
-1187
4571
941
-1289
1422
-888
-4169
3485
-4399
-3895
-1595
2750
2309
-3409
-4480
1629
-234
-2717
2903
-2242
3982
4431
-3160
-4267
2792
-3376
-69
1945
3887
-3466
2792
3221
-3035
1221
-503
3275
-687
4955
-551
21
1040
478
2284
-679
-3781
-2271
1864
-3480
-4935
-1373
833
1956
2363
-2171
3443
-2116
-3515
214
808
4725
-307
-531
3129
-2442
-2804
4721
-975
3216
1393
-2824
-962
984
-875
-4357
-736
-3517
2073
-3342
1988
-723
-3413
-1727
-4982
-1387
2120
-1202
4561
-2727
1195
-4674
1477
-2119
995
-436
-1697
539
-3837
3557
2091
-3382
3091
-2477
4407
-4885
-1468
-1005
-3977
4015
1025
-2635
-3227
4174
4785
1104
2661
-602
-872
1615
-3673
-49
3741
-1828
2390
2570
3527
-201
4493
3766
4544
-2268
-1943
-1186
2892
-2146
-182
4658
-2734
-4405
-3549
2337
3113
-338
-1407
2480
2430
-1245
3368
953
-671
-4853
-1624
2339
-1088
4436
-4498
-4902
2891
1187
-3497
3579
-1177
-3567
624
-1793
-3090
3040
-1750
-3071
-4157
-2168
-1927
4365
2211
3618
-3861
-3322
-3673
-624
2485
-3612
3974
-2330
2760
-119
-4105
-2086
2339
2207
693
1284
1442
-2321
3915
-2015
4196
576
2158
-3270
4059
-1589
1482
-628
-2659
-4041
-2027
4020
-4073
165
-4513
-4007
-400
618
-1877
-1003
-1493
2916
-4441
2337
1031
-629
1127
3773
-2031
-362
-3183
1337
-39
4631
-2639
-3822
-1454
-3148
3116
4028
3746
-3341
769
-4120
-2423
3985
4635
163
-2337
1519
-3340
-4612
6
-4887
532
3871
255
-636
-3785
-3774
-3288
1492
12
779
-4605
-3961
-1063
1820
-1503
2370
4572
1740
-19
2534
-1107
915
2934
-4739
-1361
1394
1028
-2233
-3611
3661
1164
-2772
2353
4902
-690
-2387
-4041
-2009
1788
-3764
-2207
4780
-3819
-1884
-52
4138
3055
1143
-481
-528
-1662
3906
2667
-471
4497
2799
4158
4554
4948
-3050
2946
-18
-1327
-1168
4258
-4196
-4774
3227
-2851
-3615
-3937
1923
579
-880
-3852
-4413
-388
1523
3549
-4713
1880
-1844
3973
1549
-3903
3900
398
-4808
2221
479
-2365
4961
-2689
2307
1050
-1798
-2611
4339
-3995
336
-3860
-4412
-1401
-691
-4329
3195
436
4998
1327
120
2609
2616
1660
3860
-2886
-4950
1778
-3550
-1310
703
-225
-1099
2949
4714
912
-4386
-2150
-3474
-2909
336
-1932
3473
4055
323
4888
2989
-2112
1440
3160
-1789
3015
3615
4350
3516
702
4875
2260
2349
3473
351
880
-4010
-2296
4704
4590
-201
-2503
-826
885
-3505
1834
711
4427
-4157
-1452
-2350
1844
-4040
-653
-187
-3578
-2051
570
-3108
3016
-3225
2099
-3321
2552
-4902
-1820
1894
2076
-3391
-4067
-2557
-2607
2043
4542
3756
3855
-3710
4918
-2948
-2818
809
-3786
2598
2209
-1263
68
-1667
2864
-2632
1739
-3086
4467
3471
4127
106
-630
-4810
-4962
-3461
-3269
3670
-4062
1364
3779
4826
-1277
2646
-1555
-2997
-3910
-93
-2208
-4665
2513
3794
2626
-1875
4069
4091
-3941
-72
-4067
2901
-4828
2502
2293
-2598
-2898
-189
1027
-3997
-769
-3289
3994
3269
1768
-4152
-19
1784
2610
3565
-1461
3744
-4554
289
3160
1994
2891
1488
4413
-619
-2038
-3199
-1994
-742
-2178
544
-439
1481
-3208
2263
-3913
-31
3614
-3480
-3702
892
-909
-1654
-3058
3701
2498
1005
-1252
-313
-2204
1755
2209
4963
-4511
2558
-738
-4179
-3917
-4472
-3815
-2332
-3914
947
-4368
1180
1307
357
-1203
-2102
956
399
2245
-3589
3466
-2830
939
-4943
-3438
3263
658
1499
-3042
2858
-2049
-1104
-3017
4506
4189
-984
424
-960
4921
3831
2462
4337
-1954
-3801
2092
577
4187
865
-1413
-754
2160
-4121
-2929
2502
4088
-143
2484
3686
-2720
2178
-2121
-1519
-2730
-154
641
905
1725
-1734
-802
-4196
-2692
664
-3780
2638
-3194
4382
-1617
-2881
-1548
-1910
1457
-2903
-1282
1092
839
-759
-1334
3560
2526
-3673
1211
14
-2492
4963
2410
-4664
100
-3346
-4478
-4009
-3799
-2366
-4891
3435
659
3039
3660
4917
4360
-4252
4860
-1910
1793
2486
-4476
-1690
4837
-4081
675
3690
-1836
4326
-4826
-3659
2681
-3658
2543
4090
2371
4222
689
-2381
-3043
501
-696
3938
-3064
2664
-634
-2352
-4886
-3822
215
-4668
-3680
1303
3030
241
2927
-1652
-2712
2284
-4152
-4554
4422
4505
2330
-4435
-3191
-2159
-814
541
-2082
-3406
3693
-2518
2841
-2317
2622
-1395
-747
3714
4202
-2481
1689
-3891
-1871
-1216
1607
-2295
-2841
4548
3070
-3278
3824
236
799
1343
2187
-2211
2284
1249
3093
3934
140
4440
974
2947
-1636
-3534
1417
-4047
2320
-399
12
350
-3210
-88
2456
-2410
-2629
3618
-1662
-868
1959
-2194
-1696
-3733
-4044
-2693
-4433
-1480
-2244
-4340
3777
3463
-1616
2297
2052
-2058
-1851
-766
3005
249
2136
-2080
-2636
-2733
-3470
25
1705
-1475
695
-1585
-156
-2105
1561
695
-246
-3928
2713
-95
3947
-4268
4445
-3480
-1815
57
-4307
-4248
339
-491
4552
1303
2175
-3832
-3180
-3806
3334
1138
-1918
-4027
-216
3833
-769
-1258
449
-1784
3318
-3154
3140
4807
-1853
-555
4435
3171
-3005
-1863
881
-741
-2584
-741
-290
-2314
4425
-4618
2802
-3964
-3771
1436
2901
-1953
-1256
2479
2986
4893
4566
-3239
-3252
4389
4868
3289
3681
-4052
1302
4443
811
2235
2227
3170
-2739
1151
-4908
-4396
-2645
-3684
3100
-3646
-4438
-1778
-4478
2723
-234
-4754
-4119
-660
-2526
-2914
1504
-1042
-4598
-2319
-2539
-741
213
2378
-1963
1222
519
-4145
3823
-1593
-174
2841
-3290
-3960
-2788
1531
-1179
704
-2325
2669
-4067
-2199
3213
-4316
2633
-1249
-2219
3519
163
3799
527
1329
4623
-663
1365
-26
-1387
4940
4154
-4461
-2644
797
4483
-1041
-4030
2635
-2282
536
-3384
-4893
3802
1699
-4438
-1485
3918
4708
-4996
2604
1094
518
-2960
-167
895
1335
-1419
3830
4740
-2477
777
3855
-2487
-4980
302
-1993
3557
1171
1563
4930
-676
-1131
857
-1281
4378
2549
2798
-3259
-1492
-3822
-1497
-1816
1609
-731
-4867
-2888
-418
3833
-182
-2457
3510
-1802
870
565
3304
1516
-2886
-1830
714
-2519
2757
-2129
3492
-4728
4556
-775
511
-4810
684
-4637
1181
1570
620
182
3378
-768
-4018
3640
-4001
137
-3836
3087
-3985
-4525
4079
-1760
-3765
-1799
4562
-2071
4360
3255
-2299
-3114
1584
1380
54
-124
3614
-3669
4873
2592
2307
-3272
-784
171
1461
-532
-3962
685
-313
2957
1350
-2014
884
-3730
-3511
-1579
1541
630
1323
1432
-3406
-2449
-1025
2349
-1243
2669
-1799
4756
778
-4808
3337
386
-2254
-1096
3096
-2070
1447
-4627
-2326
2043
2714
4760
403
3621
4344
-3494
2503
-3480
-4053
1671
-3110
-4132
3341
-1643
-26
-4361
-4009
-2121
1770
3278
-3481
865
-2097
-2852
-384
-1385
-570
4696
-4357
-3834
3821
-2299
2892
127
49
667
-4241
1196
-1346
638
177
-4192
2017
2408
-4421
-1329
-2274
3912
4409
3334
3709
2902
4041
-4087
-560
-1007
-3057
-1736
2559
1911
-2490
365
644
-303
-624
-3516
4867
3673
-3826
4375
-3567
920
4843
-3467
-4202
3696
-1086
-2177
-1700
3507
3969
3855
-1449
143
3813
-1019
3791
-2810
-2219
-2657
-3320
-3506
2762
4835
-621
-463
3547
4365
349
-4222
2504
-4816
4213
4941
4365
1227
-3157
2281
2486
-4583
-2300
2190
1041
-4140
-4726
4397
3294
1752
4192
512
4723
-192
4627
-2050
605
895
2685
-3941
4977
-2068
1843
1626
-1743
-4309
-867
784
-454
-4396
4998
-4409
-135
-1245
4537
27
1998
-101
-453
-892
-1303
-1561
-4616
2817
-1632
-4545
-4858
-2579
-2958
-4253
854
1201
-26
3959
-2567
-3226
4493
-2309
3486
-3723
-873
3766
3257
-1923
-1647
-3490
-2752
3567
1099
-3817
-817
2106
-3048
2582
-4981
4734
-3121
2400
-3084
2223
-1682
-4316
4547
-136
-2898
1201
1427
825
-2687
-763
-692
4991
120
2276
4938
3679
-3391
4017
4844
-2162
-3602
4012
-3608
-4832
-2175
1656
-4996
-501
2547
-4552
-512
-2153
2788
-1035
1847
-3260
-2148
926
-2811
-4824
-4416
3917
-4422
-3500
-303
914
2811
4513
-3778
-3314
3154
-244
4409
-4722
-4980
-2772
823
-1006
1904
316
-943
2857
4576
-71
1160
-3061
-2744
-4535
4421
-397
-1309
-2810
606
-138
4572
3526
-1307
1924
-4750
2584
-1222
-2262
-3515
4893
2673
-1790
-3667
4097
494
-1768
107
-2715
-2499
1705
470
-918
574
-1510
1479
2859
-3715
978
-3871
-1833
-1152
1381
-937
3226
1129
1342
1762
2312
-4885
2185
-758
-4475
-4198
3178
3441
-3580
-3605
4813
-1489
-4151
4043
-245
-4888
3117
-245
-3755
330
78
3752
-623
3651
-4144
137
-1314
-1457
-2747
-3711
4357
814
2308
-2635
-3810
-4332
2168
232
-1940
4395
2264
-3023
-666
2691
-722
-2722
3347
-1287
-4345
-110
1777
-987
2502
-4151
-3022
3165
757
-131
-2588
-4521
-1351
-1295
-900
-116
928
1290
-1090
-1272
1802
702
1067
-3506
-175
-908
4167
-247
-3561
-4645
-1035
3037
-4230
4695
3250
1867
4647
3430
1371
-3389
-3032
-3200
4348
1540
2123
-371
-122
-2209
3649
-3984
-292
-3830
4990
-95
-3349
2928
-764
-1415
3811
-2267
-4633
3734
2582
359
-1379
4446
299
1153
-3356
2833
-2913
-1351
2367
951
-3270
-3575
2911
-2520
-4807
1963
3274
394
-2962
189
-4774
1749
-992
739
3668
-4317
2175
4860
243
-3645
4696
-3619
2514
1900
-3919
3994
2915
4895
3763
-3693
494
4645
-3199
443
-4632
1543
-1975
-2957
-2497
-3235
4453
1701
-4720
-2210
4062
4653
358
534
751
770
4288
3797
4785
2690
4253
292
-3704
251
-3002
-77
-4423
-3914
1768
-4706
758
3341
2044
-3602
1720
-627
-3371
2299
1000
4439
-3274
1743
810
-4127
2813
-4698
-2506
-3350
3232
-3390
3332
2362
-1774
651
2803
-1577
3170
-3869
4615
2612
-3455
3207
-4211
-4188
-2114
-2159
-1845
-2596
-4241
2202
-2087
-1753
110
-2706
2214
387
-706
3832
-2583
4504
2008
-596
-4027
2409
-1770
1059
4215
-1037
-4965
4161
-2737
-3358
2782
-622
4201
1027
2225
4131
4327
-3900
2
-3970
-4083
4088
4653
-2499
744
4134
1531
447
1179
2769
252
3640
760
1123
-1427
-2878
4600
-2622
2789
-3166
1831
-3628
2962
-59
-1649
3439
-2341
-454
-4449
3625
-415
1273
1671
-4578
359
-1552
4403
1200
667
3615
-3662
4569
-3568
-1527
-1646
-1380
-1143
-1157
233
-4311
164
-551
146
-3665
2801
-3740
-990
-757
-4114
-4040
3703
4847
-304
3713
2108
-4114
-224
3677
1179
4404
-1168
2524
4704
-381
-1096
293
4389
3224
-3967
-2109
-1073
-3621
2748
-3620
-4220
-4171
160
-3855
1832
1532
2207
2401
4643
-294
-2316
-4023
4144
636
-1604
-1866
1972
678
3486
2859
-343
660
311
3966
-3209
-4357
374
1276
-834
3757
577
-4611
2610
2364
-2382
-3870
4547
-3834
2386
-1269
-2025
2174
-2447
-3611
3351
3051
3887
3041
2067
-2918
-839
2911
2402
-4705
-4861
-2631
3243
-3847
4014
-4708
-2647
4291
2103
1
-818
982
540
-4197
-1385
-4964
1947
3768
584
-513
-3591
4394
4228
4160
3020
272
3786
-4748
-1690
4301
3455
-4935
3310
-2502
-43
-3130
-2003
3287
4869
3280
-3103
668
590
-1528
817
-2210
-3927
3698
-2290
-3266
-3032
2785
98
-1157
-437
1198
-2567
-1529
-3249
2712
-3144
-617
2260
869
-1986
-2716
-3735
4454
-2587
-1841
-4059
-2072
-4731
-1550
-3851
887
566
4273
957
-899
-945
2063
-1107
2744
-4752
3804
-494
-2182
-4680
-1188
-683
-1718
-204
563
2980
-4376
-1499
1165
-4213
3997
-595
3290
-1969
-2432
-3387
-4394
4711
-539
2318
3735
1335
-1839
-334
4015
-1814
2841
3206
-1822
4187
727
1839
1409
448
-4018
-387
1700
3828
565
-1000
1351
3423
-3697
3142
-53
3973
284
-2617
4237
2952
-1912
2941
-1164
-566
-2879
-1941
-4524
611
4902
4168
-1761
1722
2698
4624
-3893
-1004
-4136
-4312
607
679
4193
2604
-665
4458
-2831
4310
3127
2987
-481
-3155
-869
-4244
3779
-3240
749
-4661
3778
-2355
2080
188
1476
-581
3177
1397
-3657
-4688
4734
710
-3012
2872
-2841
-1054
-2433
3971
-2976
1247
-4539
-4783
352
742
3310
-2948
3124
1591
-4151
514
2037
413
-3161
3822
-3112
121
4007
3762
-3868
-3186
-1151
4291
-3218
-872
-1858
-3407
1680
2313
2372
4306
-4056
258
-3024
-3174
-1220
3690
-1908
-2104
2204
4446
-4608
-1536
-3184
1589
-220
2352
-4208
4047
-4876
-158
1058
-2934
3964
-4899
-610
432
-109
-3944
702
3376
-2092
2444
3361
4807
2374
-2891
2559
-1189
-2978
4485
1238
4276
-4645
2981
3106
3623
1151
313
-2884
3072
4973
2526
-311
-4148
-2483
-2398
-4781
1361
-4819
448
294
1274
-4558
-25
-4592
-1854
-2628
-1257
-4213
4108
-1721
3255
-553
-4915
3613
-1067
1648
-4137
3833
-3557
2895
4898
1671
1530
3244
3337
-3336
4310
4625
-4449
-2239
4190
-4998
-2548
1618
-2122
-3559
-4921
660
-3229
3030
-4670
2348
3234
-669
3277
1116
2613
-4163
1448
-2071
3115
1646
-3976
-681
4235
-1984
-1339
784
-851
316
4830
4563
-1291
3297
-3351
-3735
2860
-4736
4747
1251
-867
-1869
-2096
2112
-1383
1566
2696
-1445
-1896
-2691
-738
960
-1219
2685
630
-3393
260
4760
4115
-3895
-3206
3608
-126
-584
4201
3340
4134
331
-3153
3944
-2655
2734
-6
-362
-2885
168
2034
-3813
-2766
1758
-4509
4533
4671
-1131
-2683
-4288
657
-3355
-3766
-1688
-3416
-2488
-285
-616
1103
-3614
3455
-271
-3465
-837
1569
-1914
-4211
4247
-3251
1828
-281
-361
-3585
-4849
4720
4665
1913
-3080
-643
3386
2439
59
-3797
891
-4849
3716
3223
3953
-3254
-3567
-1750
3382
3770
-2141
-3105
-2450
-728
-1250
-4221
-2700
2667
576
1095
578
-1626
3886
3780
2783
-946
-1702
-2755
-621
-2746
2849
778
3495
-550
-3775
-186
215
-1451
2839
-4554
-2727
3647
-2634
1571
1175
3798
-1340
-137
4023
-441
-706
-1567
-1075
313
-1188
100
710
-2873
-2081
2226
341
-4760
-2233
4160
-261
-2147
641
-1929
-401
-4586
1214
519
1965
2161
-321
-409
2539
3200
1691
2733
3974
-4987
-2989
-3386
-3541
-2435
-2499
-3277
4593
-3897
1516
2913
196
816
-2799
115
-3347
3100
-181
2798
124
2898
873
-1951
1656
-540
-3600
4670
461
4746
425
4042
2244
2618
3810
4861
-4800
1558
-3436
-2731
548
-1021
1780
14
-1213
-415
4179
-3818
-385
-1013
4384
2464
2579
-1139
1614
1912
4332
4541
-80
3469
-1230
376
-320
-2960
-3756
2970
-2529
-5000
-31
4489
-4170
495
-1165
-418
1723
1804
-2794
2769
-4208
1150
-761
-768
806
689
-2361
-3429
-33
-992
4911
-2337
-432
4488
-2499
-850
4469
-2427
-3492
1319
3006
4139
-1774
1655
-4217
1411
-4126
-3124
-4554
4800
2338
-4238
3709
13
2488
1868
3264
-731
237
-4432
-1184
1534
-4893
1935
-2010
4274
1523
143
283
-3124
-1137
600
2324
2748
-170
-4569
-2485
2807
1077
4754
3800
-178
4891
1833
766
-4328
-3227
-1691
338
-2481
-2536
-2352
-505
-3211
-3538
-2224
3189
624
3559
2337
504
-2439
3328
-802
-2140
-2995
-4975
-404
2421
-4786
-1183
1971
981
-263
1108
-998
-1833
948
996
2526
-2735
1396
-739
-3042
-1818
1880
-3422
70
-159
-682
862
3191
-1026
2592
-4667
-3057
-958
211
1401
-1990
763
-3668
-3848
-4188
-1279
2470
2562
4889
-164
-2796
-2200
-2532
3007
-1065
-64
-192
-750
-1331
-1611
1030
-2770
-1081
-3589
4084
-4078
-4570
945
-642
-4702
-3295
-4577
948
783
4309
-4433
1176
-1167
-663
568
1914
-3696
-4820
-2763
-2862
-3453
4526
1524
-471
-3313
2792
1818
-3436
-31
-2776
-4477
925
4583
-355
-3816
-4336
1209
2956
2137
-2464
3173
-2227
3594
820
2280
1477
1387
-479
1288
3376
-1874
-4908
2574
-3206
-2963
4572
-367
4683
2116
2946
-1827
2125
-3014
-3913
2115
4299
-1411
4104
778
344
-3397
2320
563
-1096
797
-2630
4842
-4865
510
-4879
-312
-540
3401
3879
4518
-4670
2848
-98
-2244
-4501
1417
-3818
-4041
1417
-397
1044
2024
2307
-1722
1019
1145
-1368
792
1465
-357
-3221
-1540
1905
-692
-373
-1194
3696
-3740
-2531
3273
2782
2382
3720
-3503
3508
2755
701
-3860
-2236
-863
-271
-3086
-4247
4539
2809
-2394
-1812
11
3025
-3179
-1377
211
-2599
-532
1594
-3856
-2196
3030
-2943
-4977
-4674
-4910
2990
-70
-3983
-3789
-272
-4069
1108
-4271
-4737
-399
-4663
4620
4138
-1376
177
-4143
-673
-4797
2855
4694
4887
3069
-459
3999
-4324
572
4615
1971
4599
4623
-3734
1832
1754
-1682
4928
-4022
-409
3640
4324
-4517
955
4442
452
645
2795
859
3375
4299
1209
661
4669
-914
3955
-2323
-1915
4010
-3032
3652
-2657
-1280
-1817
4550
1527
-2577
2343
3663
730
444
-2035
3533
-3535
-3872
-2963
1505
3159
3440
-4320
3263
1960
-1976
-531
-1787
-1160
2529
4087
1369
-4931
-4766
-3820
-1174
-2534
338
2966
-4567
1528
-1205
1095
4704
-1741
-998
-4171
-1440
-3041
2067
1832
745
-698
-3422
-1508
2706
-4865
4636
4448
360
2331
-604
3385
4659
-3665
3369
819
724
3369
124
-1978
-757
-862
3824
-4319
-4650
-4433
-2038
-1451
-957
-4589
1784
-4016
-3386
484
-1250
-3787
-58
-2552
-277
-171
4257
4172
-4662
4684
1776
-2224
-4779
666
-2474
99
-4605
-1796
994
3319
2498
582
-3629
-4879
-3632
1968
3467
-4817
4227
-2934
-228
3782
-4407
-483
2127
-3274
-1895
-2208
-4236
1548
1304
132
932
837
-4344
428
-4414
-982
-1189
3084
1984
4861
2069
-931
1037
-499
3535
-3735
-3604
4585
984
-1366
-2880
-4065
566
-3894
-2205
4880
-4358
-330
-3418
4962
-766
-1100
1571
177
-1304
-2802
462
979
-329
-2742
3722
-2106
2605
759
-1865
1401
4844
-474
-3959
1940
-3797
-4062
3045
-1820
-3286
3614
1524
2823
-4941
282
1450
-3168
-3077
1058
-400
3560
-1929
627
61
226
-4756
2073
-2013
3496
-4161
-1750
1638
3527
2891
825
-216
3796
-2160
-3911
-193
-4439
184
-3378
-4329
160
3958
1553
2900
2683
1864
-1776
-400
4590
1915
2239
1491
4506
-3475
3439
4737
966
637
3929
2349
2940
414
-2376
411
-1219
3003
-4320
-2622
-2990
-3483
3358
2736
-2080
3336
622
-4744
-3273
-340
-3389
-2281
-2201
2326
-2281
-4427
-4896
-2322
3759
742
-2460
-2820
-1319
-3936
-1189
-1284
-27
183
4595
-912
301
4307
722
453
3795
-2509
-3830
-771
-1819
-1109
-1737
603
1567
-2103
1176
-930
-2738
4102
4839
852
-3828
4311
-1641
1536
-1235
-2509
-4439
-3097
2549
-4385
-3813
-2748
435
1429
3006
-1493
1902
3396
-3550
4730
2251
-4512
592
3403
1672
3370
-973
-3610
-1096
4650
-364
1027
1292
-3032
-2175
3406
-694
-4853
-2342
-669
2684
-4375
583
-3735
2071
4156
-2039
3307
4022
-3114
972
-1087
-4301
4507
-1963
-2803
4338
3261
654
3009
2746
4725
763
-1058
-2943
-419
1096
1560
-3229
-3397
-335
-3419
814
2151
-611
-4124
-1700
-1571
-1256
-1190
-2386
-4866
-2548
4247
-3374
2545
1835
3431
-4447
-953
4764
-3803
4376
1452
1583
-3238
-3504
729
-2225
-3085
-1940
1063
4435
-783
4095
494
-4896
-263
903
-2181
3311
1868
-230
-1968
-4698
-3679
-3989
-2587
2374
4125
185
-3892
-2191
-3819
261
4258
4981
-2646
-4915
-2239
-1302
-2924
1418
-2301
-3452
2378
-4862
370
-3948
3244
3995
4554
-2719
1028
701
4463
1103
-2415
115
4299
1114
-3517
-2626
-3088
-2751
1109
-1435
4155
705
2659
476
2921
4797
2973
-768
2260
-2585
4916
-1363
-4266
3374
946
2124
-321
4804
742
-307
2929
842
-3876
1900
1111
-2902
-2581
1891
3878
-3152
-4936
1932
4012
-4729
1897
-879
1093
-132
-3021
-3565
4029
-4239
-3340
2035
-2913
4736
-4787
-4977
-4628
1129
-2601
620
4568
4266
3031
4509
-2210
443
-4628
1534
-1533
1491
1092
3119
-1752
3546
-2769
4320
-1847
-4453
411
-2858
2818
-2123
-4370
-4969
-30
-2592
18
2215
-1705
-3161
-1941
-192
3241
4933
-2620
-3417
1155
-2416
1208
3185
-1941
381
108
-1182
4467
-2514
-2615
-3299
-1768
1135
4263
4061
-4632
-3095
-139
-1330
2161
-1952
3142
4281
-444
-2576
-4523
-2773
-3753
2495
2649
-3311
-1814
4574
2643
4913
4466
-3886
1172
3624
4385
-2631
-4116
-2116
-297
-853
-531
2621
-4446
-3521
-3650
-1459
3424
1862
3483
3160
-4299
3576
-518
-4558
4808
-2966
-88
1596
-4088
-2583
-350
2275
3068
2134
1168
3141
-473
3949
-3445
-1664
-1686
-637
2960
569
1988
4219
1900
-3130
-4971
4821
4231
-4663
-3664
4133
3821
953
4238
3755
-4937
-3634
-1345
580
3369
-3127
876
1469
2324
2638
-4728
4879
-2005
-3217
-955
-4917
2435
3110
-2206
-1230
-4316
-1394
1682
2546
60
-3106
-1704
-1223
3827
580
3070
-2041
-839
1818
133
4308
-3989
72
1447
1275
84
3078
616
-782
4480
-1861
3227
-2249
-3060
-9
-1407
-1560
1817
4505
-1348
-1393
3840
3214
1857
1640
3199
3895
-964
-2335
225
-2427
4798
3757
-2084
3684
4257
2180
-2252
1761
1692
-2725
3133
-4167
3569
4731
-2098
4480
1716
-255
944
219
-4921
3138
197
-2166
-2032
1016
1606
4341
4940
-2659
-4667
3298
3900
4226
-3583
-4448
926
-4803
-4760
340
-2649
-642
2007
-3699
3500
3692
572
1462
3759
4032
-868
4023
3286
-83
3057
4200
3048
-2869
-4949
-4540
-367
223
3208
2822
-11
-3672
-4370
2242
-3151
-3735
-2652
1090
3101
798
-47
3275
-179
-1747
2284
3900
-4409
-3414
-3278
-2973
-1121
-2586
3687
-852
-4243
757
4355
-4202
2400
4571
-2755
4692
-3876
2787
3462
-2435
1439
-4340
-2148
-4032
754
-1408
-3537
-1161
3339
4833
4753
-2521
3935
1107
-4698
4722
-1404
-3456
3658
-4247
-556
-2948
866
-3775
-1075
-1610
-4742
-4528
4342
-2121
-3282
-972
-4468
-4150
420
-3247
-2757
664
-345
-1259
2920
-1122
2255
-4630
1355
-2258
987
1831
-3750
-3153
3728
-3837
-3440
1986
-533
2279
-276
-974
2482
-4033
2614
263
-1863
2957
-580
-2137
929
-4855
-725
1337
1514
-2695
105
-4888
-1559
361
-833
832
549
-1368
-4395
-3320
-2372
-4577
-299
-1269
1522
3518
-4431
1237
-3287
-2524
4576
3991
4108
-2598
3331
-1065
-2635
1245
-2026
3080
3999
2007
3506
1633
-1915
-4775
-432
-612
-4519
-377
264
-3587
3665
-4592
-4441
-3491
-4068
-4936
-977
1074
-4237
2611
-1304
205
-150
-3440
-4172
4895
213
-2480
-3343
4328
-313
4003
-2473
-4658
4758
-2259
-127
4583
3499
2729
632
1060
2053
-2950
-4629
4794
4845
1690
4859
-2707
-3772
-1839
2099
2282
-3784
2980
-748
-1582
-2155
3735
-4114
1007
3289
-2624
-1012
-1500
-4800
2202
566
-4619
-2834
-2798
-4007
-4096
4635
-3806
1108
-2586
-3592
4104
4697
4938
2688
4274
-892
-4539
-759
2088
-3273
4852
1322
4789
-3869
-4113
-3241
-2829
-1116
-1626
-3897
1795
-1964
-4231
3478
294
3663
1556
-1417
1515
-890
118
-2287
-474
4173
1037
1867
-2551
-2593
-912
4274
2753
-2031
-3511
4326
3983
-1228
-2004
-139
609
3124
-88
-1601
-3347
3949
4601
4217
1689
-258
-3385
-1283
-3110
-667
-3858
2078
3655
-4726
-1173
-2775
1738
552
4032
-922
1107
-1450
-3707
623
-4456
931
-133
-248
732
2864
3262
3020
1962
-3385
-3786
3736
-2353
-1431
1498
272
3938
-2426
-1918
-912
449
2965
-1449
-4194
-4487
-12
1913
4218
401
-4871
2780
2055
4468
-1338
1184
4243
3241
-4421
3500
1586
2433
-3850
2727
3753
-2628
261
3538
2054
1976
4252
-475
-4403
-233
-1134
-380
4574
-1669
710
-4978
-1102
-2351
3327
-3757
-4861
3736
2193
-3249
-4149
348
-4133
486
3845
595
-1891
3454
-3488
980
-3050
1492
978
-225
3340
-2420
4761
-4
981
-3352
-51
-2172
-1806
-1116
1249
-4522
-4788
4236
-2872
3431
-3178
-4805
3172
-423
-2206
-1647
169
-4889
4447
-1296
-4928
3338
-192
-1533
-3000
1083
-3912
-4022
-1272
-2266
-462
-4233
-4113
2247
-2787
1855
2315
-989
3892
3821
-1096
-3707
3995
-583
1281
-412
4277
-288
3506
2910
2131
2592
-4626
-1436
1127
3458
2140
1137
-3210
-4443
3148
-3097
-2756
1299
2456
-1592
26
2898
3541
542
-1334
489
4649
2471
1667
-4932
1222
-4463
-1992
2887
3556
1214
-934
1987
4734
-4204
-3762
3063
2594
-3068
2265
719
-196
-3180
-8
961
252
-4693
-707
1810
-1101
-3351
-2717
68
-2611
3409
-4206
-2998
3929
4164
3054
4122
-2172
3514
1210
-1875
-3422
4815
1562
38
3182
2952
806
-2260
106
-1247
-726
4934
-1169
-491
1178
-3326
-4072
-3367
4291
-4446
-1382
3173
-2531
2932
651
1120
1660
-4611
-4268
3671
1718
1649
673
-3415
3183
145
4885
-4750
-3392
-3519
2250
4130
-3882
-2891
2998
-2886
-3178
2007
-343
4338
-930
1512
1091
3386
231
-3983
-3246
1675
3478
-3644
-3143
4664
-2510
3028
-2179
-1081
-4671
-3202
-4471
-1722
1771
-2542
1009
-4165
-689
-606
-669
4813
4948
3189
-1863
472
1847
3272
-789
-3471
4916
-893
-2446
2839
1888
3716
4983
178
1411
42
-1830
2731
3027
4927
991
-873
2155
4210
-1534
-3440
-3910
4417
-4965
-2606
136
-176
1677
-49
-2364
-760
3672
1104
2792
1567
-594
-439
-1842
-2625
-1837
-2808
-4244
646
4125
1529
3594
762
-1525
-1831
1493
-857
-2606
3077
4411
2358
4579
2702
-4249
-4741
-4296
-1893
-3737
-1061
-2803
2331
-120
-3992
827
-4698
-957
3195
-49
-3186
2929
1965
3082
-393
-1094
-926
-511
-3840
3131
2898
-1723
-3506
3094
-299
4749
-4380
2659
-245
3551
1792
3973
3221
-866
2932
-2201
-3357
3580
1136
-4939
2459
1169
-1175
-3450
-4397
-4284
760
-4569
4443
-3210
577
-3612
-3734
862
-2386
-913
-1533
-3314
4104
-4685
2387
1925
290
-2527
-726
-1554
-526
1209
-3388
-4442
60
4774
-1037
-2469
-4
816
3675
2335
-512
4101
2825
-4644
1936
-1359
3857
-3471
2875
-1991
2899
4571
-1169
4440
-2456
2783
3956
4145
-2209
-925
-3930
835
-2129
924
-50
-1062
-4584
1330
4236
-2622
1978
-2512
706
-4633
-4751
-648
2992
-1480
4780
-3868
2551
-71
-3368
2102
-4292
-88
3934
-352
4300
1047
4118
-1584
4470
4968
4647
3811
-166
-2985
-660
1691
-2548
625
1172
-4661
-2524
3970
-2779
1231
-1947
108
2382
1480
4135
4899
840
229
-4220
-1642
-2071
-3315
3676
4552
2389
4393
-2954
-740
-3376
223
355
-113
-1707
1704
-3056
-3297
636
2355
2776
1722
395
-4125
3155
2961
-3476
-1469
-128
-3573
-665
-3686
-374
3782
-1268
-3190
3850
-4744
3631
3890
-1960
-2301
4880
4435
127
-4105
933
2255
109
3778
215
-2755
1875
3523
-1946
1481
1071
2204
4794
-2135
-1612
-4475
4647
-2741
-3421
-4516
-4005
-2982
-2440
-4726
-3960
-225
-1581
-830
-695
1715
-3599
243
4706
1779
-4218
3325
-3480
4428
-4775
-4016
970
-4522
1645
655
-4565
4285
-4792
2820
941
410
1137
-1811
76
1937
-3621
4468
2756
-716
-2664
-2100
2431
3780
1628
4199
-3457
-1753
-1456
1589
-4635
-2411
1006
-4234
-85
2588
-3984
2113
980
1700
-1824
2061
-4674
-627
2315
-3236
-3247
4
-4777
808
2743
-3595
-2787
1381
280
3274
2453
4022
2192
3441
3086
-500
2271
-3237
-42
1209
2190
-3823
-996
3011
-1815
2657
-129
-3724
-4947
311
1123
3965
2575
567
-4272
-197
4710
3862
-1994
-4302
1238
984
945
4150
-2502
-1501
3988
-3592
-2643
2675
2693
3805
-4379
4440
2550
1467
-4035
2345
4251
-1972
286
3147
-4419
2901
201
1853
-758
-1119
4947
2747
-202
214
-2371
2082
4738
1993
-1697
819
1223
-4211
-1711
2849
4703
2150
-3418
1636
145
1180
-491
2528
4615
2331
2885
559
-4371
1447
2612
1627
-632
2589
1860
-3784
1761
4261
-4813
-2194
237
-3949
3381
-2236
1066
-4291
1264
1447
-4392
-2633
196
-4757
4897
3658
-1131
-2631
390
-1757
-186
4566
1912
1511
836
4244
-3040
-2524
1708
2721
380
4003
-4790
-4659
4726
3882
3023
4426
2610
4110
-882
-4772
-1069
-4395
4307
2479
-3989
-4823
-2624
-3640
782
1241
3382
3620
-2703
-2454
3372
3916
2901
4954
4687
-3990
-3254
2245
3814
-4267
-223
-2160
-1919
904
2514
-4941
-2546
-3006
4230
2132
4007
-762
-2046
-1458
-4645
82
1697
-4783
823
-4468
2141
-1166
-2751
2617
-4086
-1693
4929
1959
-3233
2062
4685
2826
-2910
-2021
2911
932
3470
-992
-3851
4221
-253
2376
-4668
275
-3845
4044
1898
-1398
484
-4754
591
3604
-3121
4805
-1929
-3924
3700
-1245
3543
3933
-4960
674
-3791
4815
-3300
956
3101
1777
-3557
2138
-2074
-2110
4720
3620
1279
-215
-3671
-3832
-3472
1637
-3348
934
4337
-1409
-692
471
1697
1596
4632
125
3811
3214
-3904
1606
-3290
3065
-1563
1514
4528
4675
-4324
1588
4070
-4331
-497
-4338
-3830
-2034
-1424
-2268
-1198
-4873
1339
4043
1137
1985
-1753
3946
2212
1242
2648
-1066
2139
-2033
-2444
2620
4882
-932
4799
-984
4490
-1698
1942
-222
-3607
585
4405
-3544
-3189
-2987
-3131
2358
3332
387
-4522
4130
2819
-4738
-4460
-3196
3284
-2195
-935
-2334
-2494
-972
3359
4650
4790
1370
-4672
4793
401
70
2332
-2807
-1901
1475
-954
4967
3877
274
-4932
-1855
985
-3842
-4239
2926
-1173
-1446
3496
3800
1348
-217
-1345
-3019
2076
2466
-4746
-4444
4201
2538
-310
4562
1624
-481
2755
-2788
2791
-1082
-2282
2782
4556
969
3047
-3974
1734
-549
2127
-1515
-1458
-1063
-154
-2677
-3351
-3700
-4786
-3213
445
-1973
-4692
3116
-771
-3106
-574
4343
2387
-3171
-3971
-4369
-1399
2822
-135
2675
965
-3234
1932
148
-3490
3887
230
-855
-2401
-3745
1667
-1616
-249
4833
1402
-2129
857
-4699
-3323
-4440
-265
1946
4893
-3141
4199
724
-831
-1418
-2113
-1671
-4381
1592
1570
1093
2143
4819
710
3309
-935
3487
33
-1312
-2238
571
2385
-327
4550
4286
4117
-1534
3510
3084
4571
-1165
3565
4276
-3242
3256
3424
4326
3803
656
1863
-3054
-3367
-2270
-1085
3483
-2478
4522
2763
3755
-2998
3968
3783
-4048
-948
4153
4856
-3708
947
-1240
1938
-3910
-1492
-4483
4359
468
3653
3165
4465
3314
4210
-4558
651
-4684
-1588
2953
-436
609
-1562
1785
-2574
4448
-1378
3043
1911
-4172
2139
-43
1298
404
569
-1767
4669
-168
1727
-1029
-1153
-4144
-615
2343
-91
-1394
-4713
-1040
-2671
-1644
-4607
-2690
-1777
-744
885
-3217
-2352
-4796
623
1277
1637
-1159
-4909
2896
-4518
4
3258
-533
-3332
-4231
-777
145
2136
-676
2933
1946
-3134
4558
-3057
321
4543
-908
-485
485
-2145
3316
1156
2111
-4614
-215
4946
-733
3350
2997
4504
2255
4146
3990
4122
1984
3619
2977
4537
4276
3352
2443
-51
-2165
-3045
-1561
2526
-233
-3113
-1735
-818
-686
-3903
3673
-2842
-4226
-1612
-4284
4332
-1385
-2643
-2132
-4322
-1771
-529
-4945
1678
1918
4996
-4667
4345
296
-4222
-29
-267
-2452
-2315
-1316
327
-1994
1438
119
-3777
-39
136
3628
2945
1903
4738
4616
-2800
2606
-514
1521
1816
-586
-3706
1411
3176
2023
-891
-2072
75
-1552
2009
-2762
706
1202
3075
-3102
4799
3667
-3768
-14
2272
2174
-3640
1760
4822
3303
2376
3995
994
-4388
2126
-4120
4667
-664
-3703
1909
1086
-4239
-86
-4514
-3262
-3135
-2989
1928
-2858
-799
-3014
2843
2266
705
4617
-1251
3575
2293
-3658
-4055
1004
1290
3786
2575
-2298
2806
896
-2379
4346
188
-4659
-2805
-2734
-849
2278
2843
-2973
3646
-2878
4639
2519
-3170
3933
-4931
2011
1237
2021
1678
-1961
226
-651
-2484
4725
-2773
252
2489
1488
366
3113
1276
-4805
-2487
-347
-217
2762
3860
4429
-2572
1681
-212
-2213
46
-3992
-2709
-96
-4661
663
-3437
-3984
-3977
-1180
4234
-566
-2484
-2746
-4994
-3310
3117
3908
-1175
-820
1394
-2017
4784
-2137
-3474
1641
4422
612
4620
529
-4274
-1822
-1128
-3603
3517
-4872
586
-4270
1726
-4978
-660
-2542
4143
-1896
2157
722
1704
-305
-785
4887
1372
-578
-2150
-4419
-4712
-4458
3651
1524
-4136
110
-2057
1687
-3975
-869
-3310
106
3961
-3160
1372
-2033
-3494
-2398
-3421
-1867
1558
-1133
372
846
1757
-4647
-3086
4924
-2823
2898
-4247
-3401
2147
-2523
-404
-2915
-2770
-1760
-4214
-1274
4976
3386
-2833
3107
1489
3189
-4825
2771
2653
3234
1534
-2302
-557
3712
-4845
-3234
3904
3778
3195
358
502
-100
1073
1682
101
1386
411
249
924
1005
-1768
-4125
2104
-1805
4037
1276
-773
-1102
-4769
-3246
-696
-2816
-2926
1547
3979
-3134
-2176
2533
838
-3873
1342
-2021
-4235
897
-3592
609
3683
2183
-3259
-2867
-170
4425
-1211
-3278
4117
-4230
2918
1130
2073
-2525
3254
2527
2081
-2190
1491
-1210
-1248
-3970
-1105
3960
1490
-1531
4463
-1777
4876
-3548
-238
-3623
-160
-4062
1358
-2100
-2449
2121
1637
135
-2422
2450
919
880
-3887
-1987
1506
-4033
-3412
1610
-4491
-2154
1912
4535
-14
763
4264
-3770
-1359
3124
-4195
-4519
3457
-2482
-335
605
-3495
1610
-2755
-4320
-819
4965
-2789
177
-2020
802
-763
-4301
-2346
4261
-4420
-2947
-4581
4047
3077
-2799
-353
-4175
-3442
-841
1322
-785
1662
837
-3109
100
3754
-723
-1716
1275
-4541
-1181
3360
3856
333
-4135
1401
4052
4939
2458
1815
-4377
3382
4399
-421
-2331
-435
897
4793
-3888
-2075
4972
-2308
-3883
194
2155
2243
-4866
-3458
-4378
4361
4723
-3675
2437
1730
-3218
4084
-1504
-3294
-4150
2038
4005
1800
4375
-4275
-2188
87
-1444
-1406
-2150
-4060
-119
3188
2696
1227
-871
3660
4400
-563
-3264
3457
-868
-3979
3095
3591
763
-808
3681
-3661
-3192
-198
1224
-663
-4856
4189
2169
-1402
1712
2420
2937
-2822
-927
885
4611
1885
-4351
-467
3055
82
23
1358
160
-1192
-4733
-3757
425
173
-3369
-4571
-4115
1870
3894
70
1251
4330
1608
1850
-830
2645
4007
245
-2225
1511
-4871
-529
-4320
-4092
-614
-2828
2603
3095
341
1017
-1312
2023
-1889
361
991
-3508
4080
-4835
2056
-4982
-434
2042
-4978
2364
3656
2563
422
3740
-84
-4513
-926
-4065
-2986
4918
4004
4302
358
-2682
-2207
4942
-3939
-4670
4180
1793
-4653
-3607
-2260
-26
199
-2220
-620
-1445
1508
-1175
1996
803
1757
-243
2185
1826
-155
-2905
4198
4917
733
2591
-28
1774
2251
-2315
-4058
-3683
-2973
-1859
-2702
3163
-859
1480
-1644
2400
4306
815
3749
4468
2316
1545
1843
2578
-566
-3893
-4658
633
-2971
-4817
-4689
-1620
4689
-83
-3804
4377
187
821
1228
-793
-3476
3503
-1332
4408
4055
4474
-164
3950
3541
-3775
3441
938
-1846
2156
3719
-545
-1805
1826
-406
-2699
175
3883
4129
1818
4423
-2604
3864
-2989
-4549
-500
4617
368
-613
1851
-266
3085
3583
35
-2138
2260
1315
-4754
1642
2176
466
-297
-1302
-3555
-2131
-2172
-3392
-3461
344
-559
-1263
-4846
-1598
760
3443
-17
4432
3756
-2288
4156
-4380
902
902
-1651
-4529
2534
-3417
71
2192
1419
-2796
4459
3895
1709
-4959
400
-1109
1703
-635
3039
-4475
-157
769
-4425
-729
-4962
-198
-847
780
3978
-3979
-4145
-2308
-2318
-2402
-3091
4844
-1240
-4108
4233
2321
1274
-4940
-1458
-1793
-988
-2447
-116
1074
319
-2243
-3580
3224
-3002
1015
-65
-199
-1991
3569
2430
852
3754
-3844
4492
-4777
-3771
-1902
784
2346
3949
4512
-4929
-999
2369
-2434
3934
-2772
-626
-915
981
-4859
4414
380
1727
630
4910
-2730
-3347
4300
-659
-4037
2682
1548
1600
-4855
-3847
-3816
1826
2920
1403
-3443
1337
-225
-2770
3100
-3036
3750
1183
4628
-3696
-1415
-2913
3449
-2998
-4715
-1069
83
399
-1278
1653
-683
2511
-1075
-2312
4951
-385
-783
-2407
771
3614
-2142
-3678
1433
-1441
3077
-2904
-3857
4245
1247
-4796
1177
3134
4121
990
-4639
-2474
-2131
2452
354
2652
-1057
-661
-4793
1585
-3045
-2419
-1797
-4387
103
1296
-2676
-1669
1300
1464
2482
4869
3095
-2750
-3530
4298
-1026
2977
736
412
-1071
4710
-2783
-3002
1367
-1256
4057
-214
1890
307
-298
4569
-2104
-3380
-773
-532
-1074
-3629
-1784
-273
-4941
-2127
3499
-3859
4551
3841
1011
-1961
1415
-2309
1245
-3331
4069
3259
3310
-2049
-1048
-576
987
-355
-915
-1439
4231
-405
4489
-2262
-4198
-4352
-4964
-4652
-453
-3730
-4861
-1678
3802
-2132
1099
39
-4676
-4754
-2579
-859
-844
2630
4234
753
635
-860
3028
-4813
3819
4089
1702
-4407
-2354
3209
-3375
4378
4270
-4625
1349
2232
-3656
58
-4104
-497
-334
-2987
1174
-2982
-3595
4789
-3019
-4012
-4903
-1205
-1725
1516
-1828
1289
-4690
4306
1631
-4367
1120
1135
-3
2457
-2795
-559
-4903
3195
-1589
2931
-4909
-1367
485
1371
4502
-978
4187
-2644
-4351
-449
2370
-1140
3920
-4608
2884
4224
3590
4067
-4261
-4428
-4231
-2421
-1969
-3689
-4518
3518
-1303
706
1728
-2215
-557
585
-1760
-2146
-3409
-2646
-2293
3689
3345
-4973
3652
1536
1993
-3872
-372
-520
3825
-718
-1748
4916
-3105
2171
1791
-2567
-2809
-3835
-1735
3325
-3183
-4750
1831
3389
-3198
1262
-2188
3214
-2502
3729
-458
2539
2441
2401
-381
-3731
2126
2421
4691
-4631
-3458
-636
-2365
-3582
-2883
-3525
2675
-1712
-3748
-1891
-1715
2201
1392
-4379
2642
1963
-453
215
2739
-1429
1145
2436
-3431
-3048
-4232
2892
1921
-1687
4053
4398
-1176
4757
2559
363
174
-2607
4666
4713
-4470
-2733
4835
2707
890
-2282
2459
3373
3301
-4986
1362
-3386
3664
-325
-879
2246
3001
-2205
3635
-2089
-1453
-1208
-2527
80
-1618
321
-151
-2741
1522
-301
3290
3480
4984
-4552
1199
-1637
101
4984
-1867
-2111
1284
-4796
-2997
-2096
-4177
3346
2693
3372
1786
2034
173
3109
460
2270
3638
-914
2650
1728
-2898
3225
1698
-2978
-2112
1677
-4527
-4207
-2605
-710
-1599
1796
-2285
2547
-1469
-3177
4378
4521
-1435
1314
2426
-2407
2544
1911
-4998
-244
-3136
1856
-1590
4669
-4800
-440
-1676
7
-1406
-650
-175
636
3049
1619
-3387
3858
163
-596
1977
775
-1034
-3148
-2829
4102
1189
-3791
-4220
-4398
-4530
2870
-3890
-3537
-2156
145
703
4768
3093
-1861
4158
602
3559
2141
-4959
3192
-397
-4094
-3831
-4840
-3810
-217
-1318
403
3008
4894
-3381
1721
1651
4898
-3594
-262
4922
3109
4957
-4078
-277
2037
-4806
-2308
-2501
4382
4352
3207
-4092
2137
867
-2570
4853
4657
-4479
-1568
3654
-1370
-2820
1400
647
1931
-4411
3960
4420
-4263
2374
4070
-1033
103
-981
-711
3338
561
-2290
340
1223
-1739
-3042
1104
-4946
557
-3412
-1575
4386
-4298
-1950
-2961
-144
-4177
928
3820
1629
1597
-2524
-1819
1195
-3989
-3915
1626
-2328
3231
2093
2871
-380
1048
1360
-1651
-4116
2115
3261
3835
2504
-4355
-2704
4661
-883
-3869
1505
-217
-1201
1477
3565
-2637
-4025
4745
-1906
-2474
-163
-501
4074
-1160
1011
3506
-2555
-1182
-1091
78
-188
4314
2352
2398
-561
1594
-1354
-98
1362
-257
4331
2349
449
-1331
-424
-420
2085
3712
-2039
1122
615
1805
2509
-1987
-3401
-2585
1850
212
-1271
-947
2170
-1817
365
1456
2598
264
-4278
-3677
-1411
-2398
4983
-405
1201
4295
-2746
-2010
398
4409
3564
-4776
4072
-4722
929
-1040
2032
-1530
-4639
2313
3154
2760
-724
1324
-418
2856
-3936
-861
-3311
-3514
513
-3976
-4512
-2992
211
4140
-3999
-1369
-3836
-3436
-971
1806
-184
-4690
-1930
-3249
401
-543
2041
3801
-3573
2578
-1617
1476
-1918
-4205
2798
-4684
-2399
2758
1207
2379
4712
1311
1988
-4567
-2519
-937
-1024
-3905
3071
-4099
-1262
-2974
4763
-1049
3687
4618
4572
-4154
2652
-1286
-4134
2071
-251
-182
-160
-714
109
-3361
2372
-4387
-2742
2477
-2637
3291
2796
1027
-2146
4623
-2494
-4060
1067
-1325
3480
822
3402
-4282
-1103
787
4789
-1918
-1138
3757
3298
4780
2504
2831
-360
3577
-2961
-4242
-4788
557
2751
-4210
-3913
-913
908
2817
3397
-3559
2315
-1686
4541
-1332
364
-4112
-296
-3424
-4777
4942
2016
-3416
-3534
-489
4502
1812
-3044
2438
4560
-4048
2553
4244
-1011
-3670
2379
-3885
-3050
1537
-2455
4631
-2589
-3831
814
-3708
-2841
-4390
-4063
723
826
-1272
3917
4590
2753
4846
1532
2987
-4405
-1500
165
2741
858
3807
3518
1077
525
1911
1856
2000
3718
-780
-490
3770
-3684
2114
-1919
-1304
-2545
-2285
-3892
-4525
4724
-3181
3654
4056
-3812
3287
-847
-2323
3557
479
-1802
2030
-2068
-3910
2899
2309
4477
3673
4467
-3560
-2518
-2164
4728
1660
-4972
-2824
4839
-1096
1128
2890
703
-3836
-519
-3099
2392
4928
3462
-1801
3173
273
1031
-2135
1589
-4250
1658
-3082
-4741
-2807
-4604
-3917
4568
-4575
-810
2988
-3854
-3436
-2354
2144
4147
-1079
1766
-1550
-3615
-1701
-1122
273
-3979
4506
49
1937
-1286
4812
1942
-392
-4060
3473
-1994
-1275
-357
3668
-3212
-3974
690
797
-962
-4870
168
-797
-1073
2653
-2325
-1377
2878
3169
4067
-2197
4134
2795
498
1242
-3517
-4629
-4314
-2047
694
-3379
-3319
-4125
-2059
-4980
-3754
1258
2818
-1087
-4521
3729
-2186
-1383
3455
-497
-1638
-4844
-143
2957
-1662
-3942
-1652
-4071
-809
1496
4291
2643
4079
-1944
3325
-1964
2874
639
726
319
-3764
-2049
3984
624
4450
-4291
4538
-3840
515
221
4250
-4693
2212
201
-2950
3384
-4088
193
-3971
3367
-541
-4420
-3939
3818
1833
-276
-1582
1754
-2217
-4512
-4064
4554
3325
3715
4558
1336
791
801
3742
144
-2553
3642
-1570
-501
3681
3775
-4486
-1788
-4333
-4967
2060
-1781
-482
2970
1026
1315
3605
3147
-2727
3526
1649
