1494
-1506
2734
3770
-765
1112
2499
1368
1032
1321
-4529
209
4688
-4203
-292
1145
2506
-2376
-2395
-222
3033
-3520
3492
443
325
-2171
392
-1610
-3586
-3098
3237
4245
-1823
-2510
2086
3712
3748
2911
4637
1653
491
4266
139
-3428
-3043
-4757
3996
6
-1104
4596
3209
-4862
-1024
-1529
3345
4123
447
1649
-2159
-1007
-1385
-4201
-4672
-3725
1131
651
-1160
4038
-1589
-1093
830
3317
-4090
-4874
4995
-875
-1254
2860
1411
4003
-4953
-3215
-2422
940
4625
605
102
-1896
4532
2211
3896
-2508
2274
-4612
-444
-1301
-2568
-4672
-1448
-3519
-545
-4496
1722
-3684
-2226
4866
3865
-4113
-1444
-790
-4299
724
-45
290
3739
-4475
-2304
-3578
1481
-2698
-2745
638
-640
-4381
-3884
3801
-1785
-1806
-4996
-398
4859
-1819
-4926
1362
-3308
-4978
-603
-3598
1811
-401
4022
1946
-664
-4659
-2696
3979
1760
3728
-704
4374
2588
2826
2940
-4473
2413
3265
3232
-3663
-1493
-2677
-4741
935
-1132
677
2168
1348
1681
-1072
2529
-1816
4916
-648
4157
624
4254
-3982
282
3217
2334
-4622
2454
2160
1428
-3498
999
2961
-1565
1843
75
-4598
-1292
-230
825
-2333
-2201
4246
-2474
172
2165
3684
788
1450
193
-4336
4325
1872
4301
1528
-1507
4535
2408
-2657
4245
3290
341
-2528
-4
2864
983
237
3816
-4394
-1448
4787
-886
2376
-2471
-3301
0
2924
4052
-3120
1572
4028
-2323
-8
-4223
-3954
903
3586
-2715
2257
1858
-118
642
-3002
-1838
-1797
2975
121
3036
4226
4924
-3446
-4215
-4230
4498
-1891
4381
1050
-2871
-1174
-143
-4777
-1501
-4079
-196
-409
-2203
-4562
3136
-2124
2822
4308
-1439
1144
-2336
3226
-4256
4459
3300
2975
4678
-1497
-1078
2683
3308
4404
-26
-3549
2583
3045
-4667
1064
-31
-1779
567
2397
2034
3967
-1001
-748
2926
610
-1499
3492
40
-387
1604
3528
4900
-1660
-2833
-281
4697
1343
-1913
-1925
1541
-3773
-3384
240
1915
-4064
-3430
-3813
4600
-4025
-2750
-3035
-3708
-1435
2168
2835
-3613
4720
-2636
3491
-2837
1052
146
4469
3407
-3909
4868
4547
1450
-2849
3142
4559
1496
13
637
-4456
3726
400
-4279
4056
-806
759
-2390
-1668
-699
-1828
30
-3487
2196
-3822
2088
-4248
-4770
-1190
-4739
2357
2504
1810
2375
1706
-596
2731
300
-4149
-696
-2507
2697
-2802
-973
1689
808
2881
-3254
4483
4402
-1929
-1799
-3270
-851
432
-3083
-179
2725
-3388
-1946
-3141
-2999
-2372
-4975
399
1549
1502
4947
2246
3837
-3261
-309
1615
3185
1862
-4226
-3345
2171
4827
2638
-3587
3133
1321
1060
2272
-792
2661
2890
3667
4848
2493
4021
-2862
1771
1646
-3968
997
-1912
963
3284
-442
364
1018
1843
-4033
-377
2868
116
-363
-3771
-1543
152
2187
721
-2490
4795
2741
4212
2357
-3274
-1974
4507
3574
4210
-492
-1209
1263
439
-3048
-2835
4605
130
-1572
1341
822
1397
26
3696
-3891
-1416
3760
-837
-2719
2973
1200
-1039
-4381
4209
-1061
-3772
-4638
-706
-1371
-1813
-4476
2478
2485
1984
3907
-4166
2508
-2384
2545
-95
4447
-2715
-4358
-4108
1922
4049
1493
2494
4739
2464
-4042
-2576
-3776
3136
-2173
3034
2695
3757
-1599
1974
-4504
-4203
-3926
3967
-712
4522
-3091
1487
2629
2998
4131
2373
1425
-3432
3689
4325
3389
3292
-1985
-4006
4563
-3479
4492
3575
-352
36
2299
-261
2300
-4525
1238
-1134
2999
-277
-355
-776
2786
-2022
-4525
1464
231
1201
-1082
4019
3031
1449
3769
1245
-2242
2551
1823
1729
-4892
4314
-858
1492
994
4624
-2130
-1017
2207
3064
133
678
2135
-2253
-4128
4029
4935
-2348
-4169
1370
4791
1750
-4002
-498
3364
-2371
1372
350
953
-4380
1418
2982
553
-506
1321
3660
3772
-4696
4224
-3102
-3644
3075
4673
-4491
4810
-689
-3689
3907
-4886
2635
-1217
4601
-2456
2730
-4865
810
2893
-3305
-4713
748
4594
-4615
-3213
605
-4728
-15
-3958
-2861
4545
3248
-490
-688
3054
2454
-320
-1388
-2362
2949
327
-4723
-4464
3812
333
3033
-2066
4319
-4690
-3636
4278
-2628
2894
1901
3165
-1224
270
1018
514
-2144
1739
-1892
-4203
-2388
-1965
-3498
-1102
-4187
-4236
-4601
-370
-2121
4691
-3297
3917
4706
6
-754
3133
-3445
607
-3129
1538
-2097
-251
275
463
-2361
2176
2642
-3426
-2586
-95
-67
4796
1168
-2964
-873
2484
837
3203
-3870
214
4187
4256
-3219
2276
1338
1518
1163
1385
176
2565
-4145
182
2773
4080
4691
-4486
969
957
2456
3742
-3127
-384
-984
-2934
1824
948
-2137
3511
1898
-2705
3848
2098
1636
3505
4012
-774
207
-3191
4709
-3210
-3964
-4716
328
4326
-1455
-2541
1489
-3980
3873
-3753
-767
-4090
4458
4572
3234
1268
-4496
3807
699
4384
-1833
3262
-1410
-953
4229
-822
-337
-542
-4586
-3109
-2064
-2215
-4039
-175
-1849
997
-3000
-1374
3105
-4144
1557
-2588
-4993
-420
-3537
-3079
2751
-2948
-4268
1858
-4314
-93
752
-2782
-2456
4727
2724
-688
-214
1186
-686
-2184
4927
709
-3355
-529
3647
-1144
-2739
-3936
-954
1858
-4440
-584
-424
1602
-1204
-4645
-3886
1368
112
-3824
412
-2285
3515
2224
2298
-1512
-4540
-1242
2114
-1925
-3224
-3708
-1400
-4690
4042
3346
2612
-2381
4277
2915
277
79
4893
-2026
-2993
-243
340
4581
-3024
1515
-2840
-4626
-3887
-3195
4665
2044
-2296
-1571
-151
1121
346
84
4988
1234
-3203
-2904
3630
3727
2875
4729
-876
-1123
1538
-2199
1322
146
4105
2064
-996
4477
-4979
3001
-912
-2497
-4326
2205
288
-4358
-539
1402
-394
-124
4134
-1345
-4207
-3144
-3661
2567
-4364
-4775
599
3551
3773
4324
721
-1450
-462
-4031
73
-256
1463
-2091
-4115
502
-2355
-4312
-4550
4094
-2300
2910
-3034
-3213
1569
-3148
-4358
945
3579
3448
3197
3999
-4817
4149
1324
-247
1332
3290
-3946
-664
2425
3766
-2813
-4607
1818
-4461
692
2679
2257
-1636
-3611
4957
2488
187
-4993
-1172
4733
3539
731
-4291
1231
-2057
3329
-1948
-2459
-3098
1086
2858
-1954
-4028
-4124
-4635
2979
-2554
1723
1974
-1464
1993
-955
1038
1361
543
-1969
-2466
-4479
-2857
1540
2058
-3010
-1176
-2212
4441
-2959
4874
4097
-1605
2745
-495
642
-3065
-2881
-1786
4464
2384
-3276
180
2374
-1084
-4154
-1924
-123
-47
-4095
2390
-2659
-1084
4451
4260
4312
-3089
-3208
-3164
-1519
-298
-4780
2515
-4462
-425
4383
1688
3419
3620
-2998
2388
1262
3917
-2737
-2764
-266
-4626
-4009
-3760
-1544
2483
-3962
-3884
-4174
-908
2480
4392
-2783
1265
-65
285
494
-3989
1708
1319
4920
188
-3061
-1662
4557
2516
1507
-2974
753
609
-4966
3563
-4014
3306
656
-2503
4082
4648
2802
189
4195
-590
-4721
-2251
-4511
3923
-3449
-2441
3256
3322
190
234
3847
3774
4464
4688
2044
412
-81
-1212
3855
-4738
952
-548
-2469
-2294
-3228
1595
1927
-844
-3462
-2730
834
769
562
-4576
4285
-2327
-2188
-2811
242
1304
-3074
-1984
-4990
769
3348
1577
-2003
319
-3902
3182
74
-2582
3261
-3508
1479
-2398
4200
-3126
3930
4876
3939
3234
1349
2678
1357
-946
3400
-2873
-678
-2149
-3151
-2968
3903
-276
-274
-870
3706
-2850
4739
-3118
-1473
-2381
-1641
3624
3870
2542
2249
3272
-3024
3258
1952
3874
-3473
4262
4751
1220
-2651
-4511
3480
466
-4147
3838
-569
1711
-3530
-4492
527
603
2038
517
-4509
1481
299
4985
-3990
-4772
-4819
-3130
-2443
-4851
-4513
2350
3501
-1204
3892
2437
-3883
-352
1662
4782
-4337
-2020
-751
-3807
-3606
-943
-970
1739
-1815
954
3452
-31
927
-3592
1801
2370
4518
-2470
-2769
793
-880
-2920
-1431
-1220
3620
2396
-588
2116
2250
3294
2203
-3175
-2686
-4661
4970
1080
3022
-4719
884
-4492
143
4202
-256
-4153
-1539
-2078
-2066
-621
-3951
-4490
3560
3882
1660
3147
-4413
-3242
-3605
-2712
-1963
-3434
4754
2642
1152
-4107
-2460
-3646
-1028
2872
2949
868
-2701
1348
-2025
-1073
-2010
-2838
-2736
-4452
-1970
1473
-195
-1915
1980
-3378
-4992
-213
-1439
2609
3556
3380
2777
-1793
-4831
-1169
-4766
-3448
3259
2357
-1236
3653
-2027
-2402
-2920
-1392
4355
-4115
3922
-4433
2621
-567
-4293
4894
-273
825
-2401
3096
1661
-2292
2262
498
-4460
1058
4326
-1948
2108
-4438
2501
2869
-4823
3784
-1556
-1743
-2799
-62
4551
2938
8
1208
-4056
1193
1302
4767
-3972
4751
1259
1800
-74
-692
2857
-1727
1783
603
-2241
55
-4385
760
4918
-218
716
-4529
-2157
-1632
1441
323
3597
-3595
-2093
1959
-1591
-4363
2173
3132
3570
-209
2579
1848
-1372
3989
3987
4239
4823
639
-985
-1263
-4328
2424
-4969
4176
-1469
-3112
1308
-917
4205
2351
1007
-724
3518
-3893
-592
-4837
-3316
151
-3901
973
-2862
880
3620
-3555
943
3524
4715
4644
-1189
1465
4587
-904
-1275
4712
4580
959
-2457
-1516
-1304
606
3419
-3317
3819
-2478
4583
-4745
4515
-4838
4387
3985
-3649
-1857
-2229
-4332
-3596
-4767
-2704
3689
2514
-4576
-4087
-3676
3430
1412
376
-4806
-4247
105
2295
-2770
-2235
-4902
-2496
-1193
3095
3976
188
-194
4752
472
3891
3641
4133
-3689
4546
-4864
4199
-2870
-2277
3801
-4259
902
-2458
-908
-2435
-4296
-3002
2197
345
-381
-2042
2489
4006
1236
2321
4022
4008
4963
-3183
4420
-3190
-1176
-4992
2386
3818
-2872
2682
-841
4192
3099
1412
1014
-3746
-1846
-3899
4925
-2893
-454
-2670
42
-70
-800
88
-1399
4640
-3440
-2606
-2961
-4221
3478
-1061
252
-4619
-1760
-1491
-2767
1216
-3210
-840
190
2563
3975
-2754
-4618
-2709
2065
-3269
274
-691
2109
-2718
-130
-673
2069
482
3828
4166
4082
871
-685
2538
4742
2237
11
3990
-3133
3888
3576
540
4294
495
281
1509
3140
3230
1356
-4650
-273
186
2840
-530
2484
1640
3494
-324
-2123
2199
-2548
4413
1262
-1132
2263
-1005
2006
4299
-1803
-447
-4828
4123
3661
2563
747
-4813
-1877
3306
2724
4728
4300
4277
-2490
2328
-4142
3659
-3323
-2647
-2476
-2731
1108
1243
-682
1977
-1416
-1940
1520
272
3242
2826
4013
4121
-4040
4819
-813
3351
4138
1848
4025
-2731
1020
-2064
1818
1722
1948
-2679
1381
-472
-318
1145
-4866
-2482
4087
-2462
-587
1789
-3021
-1804
-1983
3975
-2985
-3299
2296
2115
4852
-1541
-4147
557
1510
-4350
-1577
-4357
-2112
2169
-982
-4085
-235
3919
-3867
-1064
4480
-2245
2679
2795
4657
4193
-3762
1725
1077
-384
-690
-998
1248
936
-2070
-3502
-1286
-2503
-3486
282
-4221
2342
3865
1311
-4860
-1799
481
1978
-3820
-1824
1765
3263
2467
1573
-2525
-3648
-585
-2053
1445
4414
-2352
3396
-1477
1183
1050
-2689
4630
-4021
2671
3631
979
-1216
1718
-3065
3234
2806
3852
-2574
1569
-4019
-4931
991
-2310
-3934
1743
2537
-377
-3535
-1220
3444
2573
-1932
954
2979
-100
3897
-3272
4167
3697
2097
-3177
4034
4309
1941
1986
-1926
-1258
-2637
-2276
1417
-1664
-3353
229
3968
-744
2757
1304
-4564
1333
-638
1268
449
2875
50
-2379
4659
3861
-21
-898
-685
-2050
2617
-3738
934
4461
3323
-372
-1038
2571
4107
-3112
-1215
-1471
-2501
-3393
1880
-2446
2347
-2318
4417
2067
-4793
-2972
-651
-3597
-3236
-506
1430
1371
3211
-4175
-2489
-2605
470
1487
2863
-515
-920
743
3026
-3485
-3902
-2237
-3920
-1512
-2385
4400
-1030
-2723
-3784
-623
-3698
-4237
-4556
-1441
-3916
3960
-73
481
-4304
4160
-2564
-3116
-4488
-1567
2525
3192
3728
3019
-1393
-1097
-207
-4958
-198
-2861
-488
2090
-2602
-3110
3626
2685
578
-4632
-3595
4827
-2211
3530
1714
-273
-25
-4982
-3705
-3030
1618
-2532
57
-2609
258
3796
-4690
-3382
2147
3393
-3568
1950
-3734
-3366
-1858
-4551
-3516
-1676
-4051
-2154
-3782
733
-485
670
2710
-1576
3172
-1252
-2257
-1227
4237
-3412
768
2716
478
287
2136
3222
-2291
-3138
3242
3913
-3307
3128
4980
-242
1414
1099
2204
2816
-1723
523
4518
-3790
-2972
-1695
131
-4899
-4995
-4910
4228
4486
2903
-3446
2684
3481
-1045
-4714
-333
1556
-3263
-4468
-3785
-1967
1987
1991
-4068
-783
979
-3022
3828
4242
3208
-608
-3846
285
1940
326
3976
1966
1489
3574
-567
2881
3305
-2279
4329
325
-4603
-4264
3400
2288
3853
86
-2307
1471
-1089
3837
4359
-1288
3098
3012
4527
-4722
-3670
1258
793
-64
-1762
-3421
-1990
4271
-1212
-3236
4835
473
1911
-1877
-4213
4071
-4753
-4936
-245
-2145
-2361
2626
-4126
-2409
4331
47
-4567
4983
-1840
-204
1137
3897
1853
4429
2056
-816
2615
3338
4795
4562
1947
935
-603
4340
4485
-1290
214
3504
-3363
-3142
4287
2117
4977
99
-4423
-1220
4205
2161
-3755
-1198
4422
-3242
-1314
-2057
-1497
4669
4411
-1807
-3885
-4527
2432
-435
4761
-1748
2036
-2700
2486
-4323
-2290
-234
4116
3972
-1512
-3930
2959
-659
2934
4226
-1800
3078
-3216
3645
4291
4191
2842
-6
-1701
-803
3573
2055
-3786
699
2526
724
-3757
4270
-4252
-753
-2625
-3228
3431
-4803
-297
1992
3836
1446
503
-2044
2221
-3010
-3839
851
-851
-1412
3866
-3487
2665
-503
1006
4210
-3046
2710
-4813
-1172
3223
1306
907
-1997
3592
-169
-3596
-2961
-4971
2376
-166
-149
-500
2953
555
-3748
-2270
-2653
4027
3244
-4240
-4638
-386
-2222
4671
1269
-4877
-496
4911
-270
-16
-663
784
2579
3767
-2691
3764
-1071
3736
290
684
-485
449
-608
4478
3811
-559
-1207
-4920
1909
-3814
2996
271
-4011
212
2741
160
-4812
-1810
2970
279
-3873
2719
3924
2574
-2636
2922
-4912
-899
-2223
-1535
-4575
-704
-4901
-3919
1132
-1082
2760
-501
-288
3109
-167
-2846
-2368
1243
-2728
2672
2062
1024
4826
3635
-4155
4935
4656
917
2931
339
-1680
3081
4321
3910
-4949
-2991
4017
1957
1707
1805
-2781
-4729
-4821
-3971
-4252
4124
4803
-1000
-1917
-645
4926
-955
3201
-3885
1849
582
4181
4771
2923
1205
3097
4101
-1108
327
388
3477
-29
-291
1797
2191
1663
825
-4952
1350
1218
365
-4119
1217
581
-3921
2674
-2639
-836
-4216
3426
-3907
3032
-4388
4717
1694
2626
3573
3642
1734
1691
4296
3997
763
3997
-903
1408
-1710
108
4105
-32
2391
-2913
3597
2211
2184
-1434
2811
3697
3585
4503
-98
1350
595
2072
2072
-1134
3917
2075
-4569
1930
-1780
-2095
-4880
-2257
-1378
-3156
-1288
8
2531
22
-2478
399
2188
-4873
4546
-4330
-2458
791
2544
-1596
64
-1807
4137
575
4007
2271
4047
-2681
691
-808
832
4749
3418
371
2372
-2129
1906
1094
-3697
1649
724
4415
-3657
281
1484
-3777
-3376
-2426
-4595
350
2979
-2002
-383
-2529
-4595
4579
-2914
241
2467
3713
3444
-2082
-4156
935
2083
372
1479
2368
490
-771
-2430
-4419
-406
2494
3708
2993
-1879
-903
-117
-2232
338
3742
-4617
4692
2041
2725
-1520
997
4476
-3871
3050
2692
-3226
2273
-922
557
-163
3640
381
3319
-2261
343
1589
3810
-3751
-668
-2618
2603
-4601
202
-874
4014
-4583
-436
1312
-2295
3004
-1465
-572
-3799
-3690
-4301
2856
3252
-4982
165
1083
-4558
3131
-3564
1770
-2520
4344
-3690
4076
2674
3718
-3305
376
-2467
4907
-3162
-906
1758
150
-1685
-4045
978
173
-1128
-306
227
3822
-2148
4079
2836
1398
3102
2536
-86
-4016
3532
1923
-3482
3142
-353
-2262
1107
3043
-3446
2678
-4935
-4343
-1024
303
-4997
-275
432
4259
-3005
2048
46
4402
1048
3641
1551
-1771
2249
846
-1648
-4114
4633
-1854
-4669
-1109
-1817
-3528
-3753
3173
3736
-315
3858
3205
291
-1228
-146
1829
-1495
-4349
-226
-3484
2447
-2326
2524
-3981
-3510
2444
4416
4013
374
-2714
4302
3924
2531
-924
2429
-3786
-36
2755
-3984
-1265
2421
3777
242
4615
-4224
-1648
675
284
-4324
-2406
-2647
-566
2716
1759
3077
-4233
3743
-4311
1540
-3572
-2992
960
30
-915
-3092
-422
-1634
-359
-3732
-1558
-2290
-2692
-2642
-855
-3009
-702
1060
594
-1326
-617
3209
391
2278
3018
-1941
-1086
1342
-560
-4566
-1386
1630
-3148
-2741
-2493
-990
3324
4329
-2376
1579
-3209
4553
-126
2487
3810
2840
-1917
1644
2810
4771
-3490
2001
-4293
-2237
4015
1992
-2473
-3949
1415
-3300
4755
4367
-2347
-3101
-4709
-4997
593
-2016
2390
-2083
3585
4728
3348
1336
1582
1518
1475
-1067
3937
-739
2945
-592
-1817
-286
3164
317
4116
-268
-2939
-1578
2436
1329
-4316
-702
3180
1094
-972
-1149
-2626
4426
-2993
2747
-3173
2280
-2396
-4724
3555
695
4292
651
4041
-777
-2787
-4224
2402
-2214
4590
3533
-2580
2221
2409
-1384
218
-4526
-2506
3959
-979
3291
4372
-1065
-4369
2005
-2486
-3079
-871
3583
4364
-1638
-2347
-1547
-1783
4797
4925
-3315
3233
4807
4994
-723
3940
-3354
-3255
-4473
-3130
2943
3008
643
4190
2531
-4818
-3001
3870
797
4536
1813
2717
3098
3935
1617
2607
-2170
2983
-3090
-522
-2993
-3885
-428
242
4440
-2868
-432
3732
-148
-879
1975
2160
-403
2215
-3096
2192
-1640
2753
430
262
903
4524
2526
426
2067
2433
-2893
-191
4291
-4979
1780
1662
3765
-146
4687
-3774
-3400
4227
4004
2128
-3772
-3898
2513
-2581
-2233
118
-2011
-64
1020
-1620
-1438
4144
-2358
2559
1876
-618
-4298
2755
4665
-921
-3866
-899
4540
1655
2852
-1535
3954
-2889
171
-4276
2368
812
1248
-802
-1625
3708
3664
-2577
2510
-1694
130
1858
2602
-815
1929
-794
3275
4756
3977
-1287
-1930
-700
-4461
344
-2981
-1053
-1362
4002
-1038
-1131
-524
314
3991
-4786
-154
75
4559
-4874
-3491
-858
4614
-1127
1294
2342
-4057
-708
1529
1093
-3417
-4022
4879
-2809
158
-20
4413
804
-1645
3798
2297
3764
-846
3438
1592
-3358
2397
4568
3897
1411
-2947
4733
-1950
-4256
-4653
2843
-4027
-1362
-3537
-1259
2414
-1169
-564
-2934
2028
354
1030
4515
4649
2917
-4791
-1226
-1384
-134
2919
-2424
-1910
248
-1291
-1073
4413
1576
3764
3318
-3630
4368
-73
4281
-3831
3501
-2795
-3856
3579
4921
3661
4953
-3852
1228
-2783
-1842
2891
-4306
-255
1829
4079
-4374
436
-2602
4799
-353
2005
1415
1462
2672
2856
-1628
1474
1803
1960
-4182
-3168
-2441
686
4082
-3675
-4778
368
-3461
587
-486
-3661
752
2326
3588
46
-2631
738
-1305
-450
-2387
1531
3243
1007
2020
-264
2526
1134
-309
-2955
-1659
856
4977
236
4416
3357
-2962
1584
4059
2007
-1676
-2955
-2064
1089
1469
4399
3498
70
-3981
4869
-1691
1512
-849
-3950
4433
-4439
4746
-2744
-1978
1593
3295
4801
689
-1924
3921
-1917
-36
-1721
-2168
-4769
4779
407
2071
4407
3538
1278
1961
-2327
3637
-3380
-198
-3987
-4360
-2138
-2030
-1993
4837
1205
2780
-2039
-1125
-4387
2789
-392
-3293
4696
-3809
-4424
-4290
1599
2357
-1257
3819
-1052
217
-2092
-4251
-193
-2135
-4454
1352
4915
-3167
4444
4612
1900
-1527
895
4778
3528
1487
-1746
3683
-4737
1056
846
-2688
-3968
-449
-2193
-2996
1705
-24
3372
3054
-4702
-1618
3983
-2373
-1417
-3168
3940
3752
1185
475
-968
-3235
224
-4599
-2515
132
3862
1175
3917
4529
2946
-3436
-55
2092
-4296
4069
-4579
2697
4074
-2235
3185
2953
-3467
1146
-3602
233
-5
-1309
-2149
936
1144
4509
-124
-1657
-2909
469
-3066
889
-4429
-2185
-4567
-2487
1979
821
-4902
-614
1348
-4636
1508
649
-267
4065
-1893
-2464
225
3984
885
1124
1294
-4348
-4012
4733
909
2619
1332
2374
-4789
4641
-34
4314
1811
2597
983
1839
-1715
-2136
-4184
-4641
4359
4849
-198
4544
-705
4926
-3362
-1627
618
-3162
-1770
430
-2892
-759
739
987
-668
376
-1124
4862
-2405
-3087
-2520
-2867
106
-2461
-3095
4823
-627
-3344
53
-450
-3433
-2976
-1438
2082
4379
-3774
-4131
-2305
-1932
1822
-4122
-691
-1486
-2731
-4836
2757
3585
-3990
2833
4899
4888
-4790
-4519
422
-3365
4534
-1339
-2651
3358
-830
-1530
-4228
1190
-4347
-2480
-2812
-1875
-4031
-579
4176
-78
813
-134
3267
-4229
-3411
-4558
-1985
-1944
-1741
-539
2665
4581
143
-1163
-2840
-772
1394
2781
-4883
3636
432
-4129
1116
-4934
2276
2408
-1816
-422
-451
4433
-4052
2906
-4586
3381
-378
-1565
-1276
3994
-4450
-4451
1128
-2034
-2300
-3225
1700
2304
-2904
-65
-3270
-3385
3171
-1932
4256
-2125
-4973
2453
-4512
-162
803
4325
620
-818
-2759
-4946
-497
-3397
4424
-2625
2910
-2073
-3818
-908
-2387
527
4936
-4656
-2018
-4211
-4790
2794
1844
-4458
4331
3809
-4475
-1577
-812
2124
-3666
1527
-1895
2659
4913
696
-472
-844
-438
3168
2575
3219
383
-4417
1370
-4895
2213
1644
-1575
247
-4081
-4880
-3584
-1665
-1262
2318
2793
-1457
-892
-2898
180
-1516
-1198
2517
1710
-2233
-2095
4883
2671
334
300
4264
1053
353
-3108
-4429
-1105
-2825
-538
-2071
1884
-4770
4045
-2945
-2351
-1181
4201
4964
3393
2643
608
1773
3766
3391
-4384
-4898
-4778
-4219
-2802
-2526
-382
-2159
-871
-3352
-1960
-4400
104
-3382
1464
-3268
546
2618
2339
-1559
-2756
-340
2527
3866
-1748
426
-3961
-255
4813
1144
-3329
2962
-3573
-1371
3558
-1310
-3954
-758
-4316
993
-1500
50
4339
-4047
2535
966
-4086
-4862
-2291
3236
3299
2220
3550
2603
-1186
3032
-2287
3014
-2305
12
575
-3837
1747
2240
4009
3118
-2704
-2655
644
3102
4106
-4334
3458
396
-4847
2890
189
1164
872
2687
1213
-486
209
4716
233
1746
-3293
3505
-3158
1435
349
1688
-3222
4065
-4091
4031
2844
-2179
-3543
-1849
-2251
900
-2889
-472
-3769
2409
2280
3983
2383
-2289
1367
1845
3253
687
-4577
-4723
-3616
4579
3426
2857
396
-3043
1126
57
403
-4042
-39
-3582
3832
1015
1190
-3801
-3116
4653
432
-1353
2391
-1155
-2277
2
-2976
-2620
-2694
921
4440
4121
-1950
4497
1272
-4494
-290
2324
-2597
-768
2972
-2604
-4323
2344
4580
2684
-237
-2690
-3655
-4138
2869
-496
3464
-4334
2166
1004
3134
410
-1852
-3953
1734
-4369
-4645
4124
4383
-4786
-4444
-859
-3861
-3915
4650
1480
4660
-739
-2099
409
-870
-1837
4879
-2856
4856
2166
2124
-3473
-1724
1119
-4793
-2245
4196
-3912
-4736
-4156
-4466
267
-2990
-2502
-1400
-1848
-2808
734
-2289
2962
4415
-1254
-4045
-3514
2134
-3442
-3234
-1591
3458
-680
-411
-2002
-834
3471
3319
2657
-1376
1116
3667
-1422
-585
-1418
-4313
3937
4752
-584
3123
2162
1272
-4431
-4341
3981
-676
1864
3979
2582
2908
-230
-4107
-1916
-1042
2898
-3418
191
3358
3731
582
251
355
-2219
3006
-3316
237
4441
-1916
-764
-1878
491
-3470
1008
-1799
-3565
-827
1548
3222
1800
-4431
-1410
-4029
1138
4258
-2490
-2537
-4214
-3123
-432
1264
416
2853
-2702
2165
3545
-1927
392
4198
-3069
-2454
2218
2389
4166
1131
-4441
269
-72
2593
3537
-3664
637
826
4292
-705
-358
4938
4404
-61
-844
-1200
-14
-2631
2298
-3689
-3942
3385
-3748
-2936
3117
3015
3110
-1251
-2378
-190
1661
-4608
-182
1979
-2684
-1022
-4655
1168
-1653
-1816
3228
-4699
-4011
1312
2466
-4748
-1563
4241
-4197
-2181
-3260
-2304
-2888
-1132
-3630
-3841
-3348
4067
3735
-2000
-3653
-3896
2772
4135
-2098
-3820
-358
797
2400
792
-4730
-3903
-407
-488
-136
1097
-1340
943
127
1862
1998
2413
3444
1397
-4146
395
2431
2818
939
-4418
1369
4167
4415
2042
-369
67
3782
-4274
3743
757
498
3293
3203
3399
591
-4163
-4633
440
-1570
-3352
-4680
3234
0
-400
4475
-1590
4896
2288
327
2325
3710
-3475
1121
327
-300
4843
-158
-4345
-602
812
4391
-1185
1195
4963
-3340
192
2674
2055
-2971
-3998
-525
-3789
1619
-328
-4764
-2838
-3248
626
-268
487
-641
-2612
-3304
-509
2179
2804
4751
-1520
-4462
-3527
3651
3842
4517
3791
4207
-2947
47
-146
1352
-902
4967
-70
3465
-381
948
4718
1327
3885
-955
-3950
-1331
422
2266
987
-2611
-2636
-4510
-2591
-3564
4461
-207
-2420
-2943
3508
3454
1287
-1614
3873
-1353
4407
-1598
2426
1553
-3531
-4509
1053
-1536
3527
-1292
-3904
-3026
3117
-4097
-3553
-2708
1334
-62
3796
-4109
4707
-1161
3413
-1851
2195
930
39
3253
-2018
647
785
3632
-3458
-1674
1659
-4666
-425
3220
2981
57
-2778
-3753
-220
-303
-1481
-195
3735
1529
1969
-2998
-1480
-3143
1661
412
926
3841
-2812
-596
606
4783
4918
-2876
-1726
4670
4870
-633
-3102
-4341
2162
-3503
-1745
-4443
-3263
-3523
-4321
-1776
-330
1645
3618
-875
321
873
-1757
-1366
2308
-217
4874
3545
4370
-2957
-1394
4736
-2829
-4085
248
69
1381
4586
-1166
4420
4605
287
958
2278
2555
-4551
-3676
31
667
337
4899
-1115
-488
1908
3193
1816
3867
1228
-1922
3314
-3151
3754
2154
3228
-1942
-2527
4886
-4534
-2482
1282
3536
4980
-1494
-48
-3800
-190
1240
4575
1575
1652
-2627
-2242
1456
-1509
4171
3390
-4274
-4745
1063
-258
-3091
3006
1189
709
-1659
-4986
3231
1179
3377
-897
709
467
-610
4576
-402
4345
-2289
-1332
-372
2500
-371
257
-3891
-3559
2155
-1747
-4162
-1700
-2713
1997
-597
3075
-179
-3421
978
1800
358
-1277
4853
-453
-691
4842
333
1858
-3166
4716
-3012
3934
3448
3016
1339
-1172
297
-3126
3234
404
-2119
3230
-3162
-1951
-4457
-3988
3020
1469
-4528
-1020
-1092
697
238
4982
2017
-3258
542
-3778
-3972
803
-4353
4235
2344
4163
2774
-37
3657
-3750
-2721
4949
-850
-4204
62
-3358
-3419
-2414
-941
-2088
-163
3553
4299
-3931
4855
3305
19
-4604
294
1200
-1912
-1745
3669
3432
570
3058
2727
-4516
-369
1975
-2454
-4654
3651
2420
1557
-2628
-995
845
1744
1521
4845
-2314
-4365
-1948
3458
330
2471
-1330
-2296
4065
4824
-3923
-2530
-1487
1676
4695
-106
1316
-1235
-4900
1061
-478
1810
3192
4586
1723
-1572
-3454
3739
-2301
1580
-3243
4267
-758
4626
-2008
617
1495
1648
-2021
1506
-176
2541
2992
741
4057
4309
3668
-3033
-3529
-4339
-1911
2669
479
-4203
3825
-3193
-1969
3046
-2839
-1987
-2551
-3717
2352
-4400
2920
2573
-78
179
-816
-1194
4709
659
4806
1574
1711
33
-455
-3900
-4606
-1807
-1508
4012
-4363
1067
-238
3415
1569
1758
-3772
2424
4597
500
4289
-573
-2218
3057
1443
-1816
-4506
245
-1302
2925
2879
-2527
-3577
2506
-2291
2710
2951
-3203
3653
1369
3994
1693
-4506
674
3023
-532
-3781
-28
-4818
4006
-3751
359
2209
-2778
3035
-2127
448
2584
1832
-4477
3416
-2487
3742
3935
135
442
-1619
1704
-250
1348
4722
2274
-2525
965
-594
-2488
2330
3656
147
1036
-64
3171
-3717
504
-1540
-4502
612
-4012
2322
-2127
-2212
1105
221
-4258
-2124
498
-2471
1645
-2860
2858
-1638
3789
-3220
1472
-244
2999
4658
2751
3208
-2289
1853
-4422
-4337
1732
4461
829
3654
-3919
-1452
366
1790
2950
-75
-2398
-97
-4016
184
-1395
2481
2869
3447
-2543
-3225
4412
-760
-377
696
-2248
-105
-4036
-2693
-2506
1438
-1614
2366
2636
1956
4680
3139
-1679
-1952
3684
-2232
187
-1015
-1092
-494
3220
-1476
676
-3851
-282
-216
3649
4066
4613
-4983
988
4637
-4404
-3201
-926
1033
-2593
1578
3545
-2429
-2577
3124
4205
-1352
-931
-2453
2825
-3164
-634
4186
-2207
-2104
2732
2548
3147
3815
-4987
4572
2110
-3251
-3348
-797
2738
-2580
-4634
655
951
4261
-2113
-2284
-238
1648
963
-1279
-910
-665
4968
4218
1041
-1611
-1192
1662
-3290
4230
-3971
4292
3191
-1317
4405
1207
-1285
2734
2981
3259
-2003
3308
-4070
-534
-1891
4067
-2086
3760
2177
3017
3401
-4913
-3143
-4074
-2072
-4576
1104
3296
2968
3559
1150
1393
-2836
-95
250
-713
-4469
-739
637
3752
-3979
-1564
-3550
-993
-1235
70
1465
-3081
-2107
3347
3675
-4141
-3432
1250
4679
-3992
-880
4913
-1301
1528
4375
1146
4431
-3076
-1429
-2273
2331
-1443
-2757
-894
1208
-4609
78
-3517
-1324
4890
-2429
-1530
-673
3862
-1502
3904
-2045
-1358
-1343
1870
1936
-4863
4403
2738
-1307
1410
4748
3995
-373
-2965
2847
4672
-4789
1793
-3976
-231
3744
2903
197
523
1703
-2208
-977
1501
899
-3950
1655
-4661
3869
-4711
-277
2695
-3016
37
-777
-3050
834
-3918
2472
-3874
231
946
-547
1802
4528
889
2358
904
-2343
-4572
-4146
3216
1935
-1706
-379
-3631
-2216
-1183
-634
-4823
-4579
-4850
4376
-848
82
-2391
1151
-2606
3607
-3013
2642
3511
-2985
69
-4537
-47
3613
-1609
-181
-4590
-4586
3418
-306
-3145
2001
4176
1786
-1068
-221
2310
-860
205
-4520
-1566
2716
-4433
-2172
3327
-673
-615
-3305
4579
-4644
298
-1794
3865
-3213
-1800
-394
1471
2344
3338
2732
1646
1239
3571
-1376
3761
1586
-2020
-3224
2549
-4490
-2852
-4719
-1300
-1524
342
96
-83
-4805
2191
-154
-1125
4938
1115
3986
3248
2483
2387
4384
-1561
-1293
-715
3135
-1885
-833
-1703
4416
2734
2064
1771
363
2
4495
-2727
2236
-3922
-3797
-1062
-2326
4598
-1881
2937
-3432
-1126
-127
-3442
-4763
-3792
1437
-809
-706
3264
2464
2824
-4125
1389
2200
1836
1638
843
-2743
694
-1169
337
3218
841
-3891
3213
254
2000
-424
1070
1607
1530
4354
-766
4725
2870
1212
28
-1645
-569
2820
-863
-1854
-2171
1739
992
1399
-3184
3397
-1572
1808
3137
4714
-3657
-1995
78
3625
3580
1065
2090
-3556
-4391
1583
-1561
551
-4185
2777
2233
3210
4776
4955
440
2998
-916
3886
4977
2348
-944
-4463
-966
593
1892
3162
48
-754
-4330
4794
1999
-2205
-3712
4047
3821
-1637
-3045
675
2547
3003
4719
1473
-3831
-3771
-2952
-1289
-1379
2761
-3562
2167
-3344
-1846
-1439
2328
861
4414
-1817
3818
2839
2064
-3900
-73
-2147
-2560
1373
3060
-115
4985
1129
-729
-4621
-3661
-3348
-1294
-3013
399
-431
-2515
2011
-912
-2909
3234
2342
2633
1064
1122
3694
1873
-3669
-3835
-4615
-2045
1220
-401
-4737
-334
3334
1101
4941
4650
-1595
3279
1881
2082
-606
-928
-4141
-675
-2603
-1680
-4268
-3969
-3130
2163
982
-1987
1960
4962
1520
-4051
690
2911
-628
-3987
1738
-315
-4906
-2993
4480
4622
-2701
-4174
2389
3375
1228
4412
4519
974
2582
3747
810
-1660
-1601
-4805
3540
-1412
3846
1657
-2060
4107
3527
-3930
-2272
-4502
-3565
3136
-1845
4239
-4392
-3302
1663
2362
4802
2948
-4292
-1877
-1363
-2955
-1315
-3471
-4250
-3308
1267
-2884
-1427
1847
-2432
2804
-2103
-1422
3746
-3773
-4872
4145
4395
-3763
-815
-1823
1769
-3888
2168
4616
-4218
-1370
1213
1061
-1122
3175
1810
3058
2840
3132
2599
182
3108
-4274
2308
375
3743
4509
706
-3636
2054
4396
726
4449
3669
-1462
-3797
308
-4710
2732
-2949
4876
-854
4869
-486
4729
-2449
-4713
1087
1238
4110
-2173
4799
1787
-2607
1741
1560
-2865
3573
2523
359
827
-1806
-3636
-1450
138
4530
1685
4150
-900
832
4823
2116
4218
4655
1084
2171
339
2804
2288
-3897
-1915
177
1580
-4207
4376
2414
93
-788
-2764
1110
-1085
-4054
4066
1531
-2970
-1829
-1920
4519
1955
2084
-4946
-4367
-2428
3208
-3482
-2568
-3634
-2746
4569
-881
-4716
-306
-4477
-4587
4457
-1439
-1456
3648
-2014
-3260
-4935
-1259
441
1296
-4041
2614
1246
-38
-1576
3880
3672
890
2782
-3776
2041
3082
325
-4422
3056
-2003
-1187
-4714
-2360
-2519
-3035
447
-3746
2226
-4471
4841
-4320
-3403
4162
4519
3584
237
2652
1574
4424
2902
1669
-1223
-681
-2132
2064
-4399
4425
526
-775
-1223
-2827
1861
-2796
2044
-2864
-2597
1662
-173
-3856
4490
-3675
-3217
3211
-3454
-1868
-545
-2275
-2331
-3402
-2289
-1001
-397
1419
-2963
-283
3598
3064
-1959
4744
-1175
4297
1432
-2926
1970
-4942
1829
4897
-2360
-3277
421
-2238
-1557
2361
-2795
1095
3055
81
-814
2851
-3108
888
-619
-2367
-3962
-1842
-4455
-3227
3027
4265
-2150
-390
-3922
326
-2564
2027
-2648
4554
-3915
2909
-4571
-1770
-328
-1143
-4790
-2343
2015
4264
3937
-3377
-4524
-4602
854
2424
1548
-2199
4146
-349
-3359
-4645
3425
-4615
2938
3603
-3502
-1290
-663
-1933
-4566
4497
-4256
202
-3978
-2803
4593
3544
4491
-3687
-3279
2690
1115
-542
1273
-1364
471
3976
809
-3229
2539
1549
2520
1517
-3445
-1718
556
-1625
-1848
4940
1026
1070
-3010
11
-37
314
1725
-2420
-2908
-2636
1058
-404
1888
-2871
626
-116
2772
4822
-1117
4957
2670
-2029
3862
-4559
-3245
4300
-2284
1344
-4844
-582
3572
60
-2468
-191
-3961
-4500
-1847
-3518
-4448
2517
-3740
2241
915
1063
4318
-3039
4633
-173
1513
971
-1939
2971
1713
4093
2951
-3839
3941
3903
4418
-1087
4774
561
1275
1307
1034
-2832
-1320
2824
2157
2711
4947
-3586
1590
-4942
-2942
1406
1329
4910
-139
-4213
-3810
3676
-3109
2309
-459
-3003
2464
-3325
2691
2471
-2553
-2177
3990
-3874
1088
3068
2226
398
-537
-4430
-3939
668
2009
-1110
2333
2620
-2397
261
-3844
3044
4265
-4218
1653
4848
4303
-3248
-2626
-113
-1369
3034
1345
-3205
-3016
64
4601
-122
4040
3379
-3994
-3169
-4138
1376
860
2596
150
2685
-4226
1042
4458
3279
1043
2007
2009
986
-3182
-1735
3886
2144
-1808
-4657
-2144
-3093
-3789
3629
-2535
-2171
-2543
1757
1462
-4796
-1942
-424
298
1972
3119
-2779
767
732
-3635
2472
1658
2514
-2182
-356
-3318
-2486
-1989
-1077
4493
4089
-817
-2615
-1026
-3575
-3956
-3215
-2514
-3419
-2700
1271
542
1620
-3421
1245
-1625
1282
-4344
4369
-3529
-1062
-4466
835
-4935
-3344
741
-1611
-4481
4922
-2574
-2325
4078
-1745
-160
-479
2853
8
-4591
-3012
-597
-2205
2533
2329
-2795
4710
-523
-3023
3841
4208
1405
1774
3395
3803
2356
-633
-39
-3650
1305
1111
-836
4735
-2020
4188
486
2965
-1275
4940
-2486
1212
-2891
-2863
-3324
-4878
4344
2965
2734
2014
2260
-1927
4236
3200
2000
-4001
54
2787
1252
-2825
-2689
2063
1657
-1578
-1210
4732
-3892
4259
-4535
-4655
356
3500
-3056
2089
-147
213
4557
4839
-1119
-784
-386
3169
323
-2376
-4852
-4345
4951
-809
-2012
455
-3103
4072
-3024
-1079
3752
1735
-3951
693
1767
-2796
-4374
-4715
1696
1942
972
-4316
-2435
-4580
1226
-2186
661
239
3688
2209
1111
2419
3269
-1847
-1627
1724
2610
4794
752
1597
-3122
-498
652
-4916
2143
-818
-912
-1326
2991
-3515
-3939
-4642
-2111
4336
-1351
-3975
-434
1298
790
276
-3391
1828
-2973
-4355
-997
-2134
-2177
4433
3123
-816
4805
4075
1838
4547
-103
-4597
3383
1564
-1171
1538
2475
-3737
-3488
1881
4483
770
-1340
3681
-609
1297
-742
3764
-1876
1534
-3540
587
2465
-947
-3769
-1622
-1940
894
1395
1526
1060
-2020
913
4262
2330
818
656
1367
2609
-275
-4981
2281
-3881
397
1986
1607
-4289
3813
-1740
-956
-3107
1409
-922
-3935
3501
1191
-2301
4331
1776
-185
2143
4241
3524
1596
-3735
-4637
-4690
-1356
4269
-1771
3207
-2692
-2652
1843
-3072
1941
-4823
1551
-653
-1437
536
2502
3848
723
-2524
-3615
-1263
-4980
-4667
-2920
1027
4671
1197
-3488
2033
3257
-4826
3492
4566
3607
2378
257
2607
-4392
4653
3628
3699
-2610
3739
3391
-2768
3326
2522
-2320
-2269
-696
4044
1282
1843
2800
3891
2036
-2902
4874
-4432
-1496
-3071
149
-2773
4767
4199
2270
-2087
1759
-1778
-3707
-3668
-4362
3523
-3380
2477
-808
-2376
764
-2210
4805
4111
3762
-4065
358
-2955
3911
928
-4971
-4696
2557
-898
-3796
-601
-4443
4587
-970
-4780
-1331
1214
3106
-1448
-3578
-1484
455
4196
4180
-3406
4641
3392
-4945
-103
-4712
-830
4855
3508
225
-4964
-4524
3696
-3026
1810
3899
696
-3055
4454
-2948
4653
-801
-206
2184
-4770
4223
2018
-447
3946
4177
2027
4265
-1905
-3317
-1684
-2772
-2595
-2401
3567
4026
-2323
-3848
2140
-3428
1847
915
1467
2520
-1131
171
-2845
1840
130
-1828
132
1044
-4035
3497
93
-808
-2512
-1350
4283
-4848
-1640
3005
-4080
1255
2784
-2852
2699
2031
-82
-769
921
-3485
2234
2056
4855
281
-1193
4717
-2445
1763
4031
1747
-721
-2124
-2577
1237
-3680
-608
-2500
420
-135
1004
-1152
2440
2399
3556
-1931
3909
4345
-2181
-2451
-3959
407
-1507
-4132
-655
3515
2849
3874
-1364
-168
1690
-1303
-4553
1957
3596
1799
-1449
-4978
1340
-1632
3797
-2680
3009
-2020
739
4655
-4282
-192
397
3646
3825
3404
1259
-4007
1997
3328
4515
-3734
1860
-3908
-2709
-4441
-1367
4066
3708
-4451
-4767
2282
-4766
1435
2497
-2990
4287
-1491
-221
3312
2672
4306
-1006
-3690
216
-2643
-235
-960
-3592
-2923
-4119
3276
-4624
-2631
-3690
-1769
-3170
340
-2237
-1776
405
4776
1958
283
4970
3306
-2732
-1211
-2920
-4166
726
-4577
-4029
462
-2580
-423
489
-4694
268
-2260
-3163
2606
1155
4819
3997
-3413
-2164
4887
-1493
-957
-3538
22
-1224
44
3295
2448
-460
1201
-1673
-3555
371
-3930
463
3454
3377
1173
-4584
4014
-1498
4778
1688
1989
-2203
4359
-2752
2170
-1938
277
-3831
705
-1501
-184
796
4664
3752
-3091
2960
330
3987
2978
-3218
-4257
-3437
2338
3473
2353
3806
-3
-3158
-54
-2238
-4128
191
-1953
-1380
-1035
-4829
-3325
4407
4378
3889
-4311
3997
4118
-4686
683
41
-2690
30
-1904
-1092
-4781
-657
3181
3726
804
-4655
-2821
685
4888
2869
256
-911
1424
3477
-4195
4112
1421
-3150
2084
4925
190
-2295
1315
-2518
2707
4580
-2015
-3857
995
-1300
-892
-4413
-362
-1092
1373
327
-3536
497
1009
-590
-501
-3970
2660
-3337
-1969
4716
-1420
-4893
4513
-1217
-929
994
2054
915
1970
2817
3986
3301
3520
-2114
593
4430
-2981
-2693
-720
-2422
1074
-4238
-2711
2951
-3754
-3438
-4134
377
3338
3560
-2015
4730
-57
-1991
4342
3503
3818
-4437
-299
4165
715
-3308
198
-854
971
3306
4987
-3207
4808
-2839
4165
-4211
2511
2275
1123
4406
4000
945
441
-550
3495
4136
425
-3758
-3156
1607
1744
2789
1384
4012
-4785
4675
2258
1879
1396
-2073
4293
-1193
1877
3296
3728
-4320
3065
-599
-965
-1795
-4605
-3693
4288
2738
-3077
2372
-3667
-2341
-2005
2857
4357
160
1571
-4153
-2403
650
-871
111
-566
575
-47
4864
1637
4905
3108
-4681
-4265
-3276
-4192
-1679
-4537
742
-1236
-655
-4051
3530
3382
-2372
-3038
3381
-3637
-830
374
249
-2941
-3465
334
3175
-3338
3647
-1464
3871
2031
233
1340
-3100
1067
1506
1233
619
-1250
-1510
2280
-4591
1939
3044
4793
4588
-3827
-442
2713
506
-4402
-3455
2741
3766
3811
2042
-4339
2777
395
-809
975
-436
3123
2853
1967
4188
-385
2198
-2399
-1066
3606
-1768
4659
-3870
-2406
-4256
-3127
-1411
-1853
-2874
3686
-3234
-184
-3750
4563
3722
-3831
4948
1616
3954
3899
-4087
149
2570
-1215
-2983
-1117
4501
-3917
-4906
4795
-1460
2286
1487
-917
-4451
-3112
-870
1761
-2176
-930
-1072
3709
2965
1516
-671
-2489
-4487
-4105
-2199
362
1864
987
-693
-772
2604
-2323
4553
3098
4083
636
70
-3675
943
-3288
-4462
4803
4982
479
4917
-1644
-2246
-1440
3303
-3070
-1293
1358
-3461
-1437
744
-4045
-3508
-2833
1149
4030
2480
1320
2710
-326
1273
3962
-3558
-723
-4774
4593
2531
4778
-4505
-3455
-2543
-1277
-2843
1399
-3090
4894
96
-4230
-372
4514
-1461
1228
-661
-1505
1554
3171
535
-4808
-1428
-4850
-3059
-882
-2387
2230
4206
3402
-3321
-2028
4829
-3306
-4848
281
4850
-3368
-2610
-2067
4977
4444
1167
-1849
3109
4221
-3722
4806
-251
-4784
-2561
-438
-2984
-2322
-3068
-4062
-3003
-2404
-4584
-1133
-2076
-4296
3104
-3295
-2592
3825
-4446
2829
941
3283
-3515
-933
2630
1566
-3800
-3905
-4640
2851
2447
-2956
27
875
-4873
952
4054
-4701
2299
-4809
721
4695
2687
-1309
-3106
2618
-311
3373
-127
1567
3456
-1693
3847
-3064
-4323
-2091
-4094
-4520
-34
2645
1714
1127
2313
2267
3472
-702
3534
-3486
-636
2060
-1307
3251
-2202
2757
-4698
2587
-2111
-2284
-2473
2188
-1613
-3404
-2384
1101
-1854
1897
-4886
-2609
-3079
4894
3942
-787
4511
2973
1035
4654
4201
778
2615
-4149
-1531
3708
774
3319
-2697
2296
-4255
-3680
-1263
-4837
1597
-927
3035
4388
-556
3809
3683
157
4433
-4788
878
1380
-4139
-1317
-3924
-4198
4806
-1246
2697
-2746
1495
-2905
-4849
4839
1795
-3638
-2135
613
1635
-331
-1277
-3053
671
-1055
4317
-2413
-4863
3586
286
-651
-4699
-4976
4021
2382
780
-3900
-709
81
-432
2571
2229
2652
-4414
682
485
-3102
-2865
2206
3327
128
-4255
-1346
-3319
-4418
-4446
3648
-4116
53
-4181
2516
4696
-1801
-3062
-1615
-4829
-673
-2606
-422
-2271
4342
-228
3165
3488
2767
-2084
4408
4059
4560
-34
3272
-4386
4365
3103
2543
-439
1539
3960
2625
2765
-1891
1045
-2661
1651
-1705
-2748
4705
-1924
-163
-3207
-125
4451
-3234
239
-1397
-1793
-3341
-2568
-3003
-4332
-4282
4261
1675
4857
144
-2175
-1460
-3211
-3869
4679
-1287
-1341
-4287
2901
4956
4356
-3961
600
-3435
-1581
4218
-1770
4642
-4365
-2388
779
-3110
53
427
4475
-1770
2022
-1913
3575
1788
4021
-819
-390
3962
-3949
-44
2835
3963
3186
339
-4659
-823
-3600
4590
-4375
-3328
-1187
2411
-1715
4043
1127
933
-3386
4893
3687
4124
-4199
-4995
-3500
231
824
-177
1734
-456
-2608
-1205
2165
-3078
2542
-227
-32
1161
-3038
-4984
-1415
-2147
-1093
1943
-611
629
-4734
242
-63
-3684
2499
-1159
3800
-1525
4070
320
-1486
-4437
-3460
3335
1375
-3484
-1003
-3307
-4511
-4425
-1906
-3087
1134
-427
1591
1516
740
1642
-1309
-1586
3672
-614
-3111
1771
-297
1670
-1945
2930
4077
4730
-4874
4402
516
1830
-3640
-359
4724
2375
-2162
3643
3545
-2206
4294
-4597
-4622
-3396
3250
-1527
326
1481
-2060
-2264
865
-2417
-4923
2715
-4180
-3962
-363
1387
4378
558
-2148
3479
3662
-4787
1455
-3143
1994
4755
3038
3185
-2541
2188
3435
2400
-3104
-846
821
-3709
3313
4860
-2398
-1846
-99
1624
-1365
-396
3587
4400
2337
-3239
-3102
3787
2765
-2124
1124
1795
-4507
202
4405
158
-3541
251
1745
1099
-1153
4516
-2948
2987
2501
-1217
2683
4618
-2687
-1992
-1985
-360
207
-4292
-910
3321
2303
-3744
-2150
2053
-467
-1317
-2646
-2708
3727
-2719
1512
-2886
3287
-3858
-151
-4045
-3272
43
-4008
-1797
-986
4511
1078
-3116
1846
69
2972
2645
292
4918
3084
-2236
4596
-4765
-4587
2192
4176
3762
-4188
-1251
-1520
-3134
-1753
716
-3305
-3412
1022
2694
1962
1832
3339
646
4844
2969
4728
-1728
-1484
1110
-3961
-1102
-1744
1270
-2732
-299
419
-409
-2329
-1760
601
-1332
-874
1657
412
-4288
3064
-4952
-289
-1749
-4093
-4565
3975
4672
-1177
-4336
4586
2000
-3068
-1550
4927
-1345
2389
-1150
-1499
3344
-4544
1409
1776
2576
-3995
4584
-4530
-388
2308
-11
-41
-2064
2268
-2078
1283
2894
2398
1139
-699
-2089
-704
636
2725
-2648
109
3021
-4084
2147
-2343
-4805
2824
-39
643
-2148
-3681
-3966
-3421
4206
3745
-3111
-1853
3540
-3818
-2986
745
686
3894
-3655
-1566
4420
-4889
2576
2043
-4736
4065
-1115
121
4501
-4706
2119
984
-289
-3011
-2077
1569
1992
-251
4208
932
180
3110
4788
-4091
-998
4972
3045
-61
-2240
-851
-4048
4259
3218
-4190
2800
811
-3026
-4302
2555
1035
-4769
-4967
-3521
-3898
2643
-3817
2820
-4819
139
-1723
-1698
3853
-3264
2595
-718
3983
2940
205
882
-3315
1116
4908
-3401
-4987
-2560
-1160
-3798
-1850
1387
-4021
-945
278
2286
1009
4926
4310
4284
-3412
-4353
-3171
2793
-3117
-1791
-3423
3700
-1702
-504
2997
2142
-4114
4337
-692
1781
-1497
-1261
-612
-574
2479
595
2349
1548
-2127
115
-352
2310
-4629
361
-1795
2604
2046
-3048
4468
2005
1284
4045
917
501
3329
-1304
-4293
1282
4065
2197
4564
-2767
3393
518
3084
1709
4858
-4129
566
-1437
-3527
-4067
-2228
1180
2634
3956
4590
-2184
-4782
1267
3302
4243
2043
-1498
3436
4375
-1510
-4440
3718
-3794
-708
1267
-857
-542
959
4630
88
3204
-2450
-4143
-1563
69
-1820
-688
-4402
1699
2402
-4670
29
-2556
59
4725
2679
1528
-1252
2655
2187
-930
-3767
-2469
-920
-74
467
3919
-3380
-4738
1142
4662
646
-133
3214
-993
4109
-2602
-1335
4704
-2198
4368
3239
-1720
-897
-2621
-3921
-4464
3419
2663
-3668
-1059
4438
-4946
-988
-2714
1911
589
-4296
-980
1525
4407
-1657
-1942
2457
1895
3214
2698
2291
-4838
-3062
3842
-4412
-1114
-610
-2039
840
1691
-544
3066
102
-4555
-1251
3940
-1152
3867
-4515
-2357
4645
1351
2849
-2625
-1002
1074
2409
3046
4102
-3541
1058
-2679
4602
1300
-2611
856
1631
4138
1354
-1909
-389
-1585
-4189
4486
3788
-1035
-2491
-729
-3251
-616
4649
1343
2311
2089
1922
-4869
2516
4915
4046
-1345
4271
-4084
3231
-1570
-2761
-4102
-300
-2360
-2639
-3665
-1504
2431
-3907
2210
-3684
-3752
641
4187
-2440
-2293
-3886
4171
2540
4807
4034
-4154
2397
-1130
-3885
3534
732
3159
1593
4381
-2520
3278
-595
-4001
3075
-4956
4269
-967
-4494
-1940
4449
-1462
3566
4084
-1847
972
-1976
1044
-3613
-4553
-1510
4870
-4040
-1117
3368
2433
-2474
-2601
-1996
-2620
3784
-1165
-3135
2716
1
3654
2944
-2030
3783
4269
-986
4804
2284
1993
1743
-1234
-2599
-277
-4165
-1275
595
3439
4086
-3200
1775
-4542
-2410
-3741
4049
642
3949
3833
-4496
4945
1135
-1715
-3034
916
4669
1701
4003
-3618
1695
-4612
-3055
-2204
1937
3099
2899
-4163
-4156
4451
3734
-648
1685
-119
-4423
4458
171
-1554
-3495
-2062
826
-1158
-1499
4715
-3436
4805
4753
-2882
-257
-3279
1350
-4927
4770
-2585
-2827
4047
-2695
3725
-2580
-283
2200
-3631
322
-2521
-1797
2389
4236
1565
-612
-4377
-4078
109
958
4971
-1557
-1146
4198
-2793
-1771
4982
-1958
4779
-4574
4921
706
2283
-3364
-290
4202
-2182
-872
-409
665
-2988
2680
-3890
-2228
1433
2795
-1185
4028
-3503
191
4726
2350
-4400
4039
3669
-4519
-4552
-1769
1729
-958
-2923
-4852
-2342
2419
-4071
-3543
-2987
-4966
-2587
-917
-1048
4909
1408
2990
-1998
-4100
2183
-391
2404
-1857
-3983
-3835
976
3150
766
3915
2684
-1825
-3380
843
-173
-1030
4533
4440
2793
-4487
-3352
4096
-1240
3435
1202
-4470
-2260
-4376
1289
-280
2343
1550
2917
4412
-2127
2457
-1301
4423
-4928
-1454
-392
1068
3728
3326
-1338
212
-3488
-4025
3934
1082
3689
-3928
-2694
4054
2635
1986
-491
1383
-91
1724
-4414
4169
-3727
-1849
4854
1511
-4694
479
3379
3130
4250
2045
-3215
3311
-2907
617
-613
-3146
4716
4189
3332
-1354
4702
-4043
-780
-609
1490
627
3075
4856
281
2623
4448
3158
-2909
-309
-4898
-1250
3793
4788
-2868
-1791
-3021
948
-2609
470
4573
-3339
4527
-4154
-2774
-3504
-3013
-1935
-1635
-2572
2329
-3986
-3152
-3470
-4978
-2257
-2228
4340
-1530
1010
-1517
4798
3457
-2988
-3139
-3732
747
4369
3517
-4741
-3227
-777
1471
-3723
-1739
-4904
-3024
4436
1431
4045
-4614
-1209
4190
-2217
-2421
2914
2988
-2207
4129
-1425
3337
386
1892
2387
4195
79
-2033
-948
1347
-1075
-4739
-970
3320
3044
2172
-4371
-2638
-4737
-511
-3188
-3507
4767
-3416
2212
-1897
-1969
1781
-3384
-2864
-4781
124
-2619
4269
3226
281
-3889
3481
3954
4269
4631
-2359
4586
4694
-2151
-4790
610
-4134
1185
-3126
1647
-304
-2675
2847
2780
347
-1234
871
954
1011
1768
2110
1271
2658
-2855
342
4317
-4840
-2330
-4586
-4143
4107
2625
-3215
3148
-594
-1241
-3391
1078
2445
-3930
-592
3134
-3550
-1925
2771
-1770
3783
2137
3348
-581
553
-3050
1914
-2557
4726
63
503
-561
-4141
-4724
3693
-2848
988
3550
-1538
982
-3288
-27
3232
-1117
-1721
-3426
1513
-547
332
-3318
-692
3427
-3311
3210
-2913
887
4732
-4379
-2904
4969
-52
-2372
3924
-219
-3201
3813
-780
-1485
-588
-941
-1307
-916
-1177
311
-3590
1644
-1329
784
824
3747
-4368
-2483
-4322
-3099
-4307
3171
-929
-4847
1918
-1861
-675
239
-1799
3362
-2413
930
-1232
-4572
-337
-706
-1049
3235
2746
-621
4849
-751
-2523
-1465
-1594
3709
1235
1553
-4365
-3575
-2995
4209
3790
1290
-986
2910
-12
1770
-789
-3016
2160
-4184
3606
-1860
-3702
1006
-3280
1685
1242
-3102
1424
-769
-3832
2230
3349
-3658
4274
1707
-1157
-306
-2519
-4910
-4194
-4340
1000
2019
-2552
-2927
-2175
1222
-1176
-3737
1174
799
1090
-2892
-815
-2393
-868
-1844
-303
2965
-20
4099
4993
-3413
3372
463
-2297
701
-3129
-2069
-3322
-3812
611
3353
2304
1361
2747
-3185
107
2709
23
4866
-994
2941
4090
-848
3625
-2525
-4984
3815
-705
-3425
530
-781
769
-924
-3568
2773
2871
-2537
-2295
4175
-563
3595
-3278
4331
-2487
2568
-1087
-357
-107
-4183
-3204
-2020
-2163
-2572
-3213
-3516
-1562
-379
1015
-3510
3816
-3724
3445
2260
1642
2133
3907
3483
-1399
3630
-4330
-2132
4660
674
2670
344
-2393
3804
2318
-38
-4686
-264
2347
4872
2486
-3525
-3343
-829
2795
-4446
-3811
1753
4913
1864
-4230
3114
3777
-4478
3707
695
-1586
1012
-2126
-4842
4558
1734
-4709
-62
-2529
1489
-4440
4736
4200
3764
-631
-4932
-1683
4211
2039
-2382
-146
-1473
-3762
-4344
-563
2336
4149
-3576
-4262
222
-4309
-2292
4508
591
4016
1314
4110
-1957
4029
-2705
-316
3852
-4207
-4368
-3559
-4303
-3176
-3285
-1705
-46
522
-3276
-4463
-2131
4478
651
2384
3199
1257
2323
-1176
-4994
2759
4382
2471
3619
1445
-492
-838
2421
2088
3394
1067
-4432
3709
-1730
-2182
37
-1026
-903
-4393
-2933
-2866
-4434
1466
4963
-3327
-2665
1615
249
139
-226
2609
-2858
2260
-4815
4498
-3469
-1644
367
-2188
2856
-4943
2031
-665
-3742
3345
-2993
-3840
418
1982
-3606
-910
4786
-298
643
-1557
-3821
1676
3022
3725
947
-4177
-4578
3592
2010
-3164
-3991
-4751
-1213
-2350
1671
3281
-4233
-102
4521
1693
-876
897
-1289
3549
3629
-1956
4642
4218
-1524
4023
2760
-4967
-3485
-1246
-2907
-4657
2255
376
-362
1760
4269
4653
1321
-279
1815
4339
-2127
885
3575
-3047
-4266
-2001
-3716
-351
-3463
870
4330
-1012
-875
-4042
-3636
3493
1120
2104
3844
-1161
-3183
-1848
-3101
-4069
-3813
1343
-3947
1761
-4633
-3411
-3709
1035
-3071
4724
2044
-4991
-375
-1420
-2243
4852
-1766
2862
-2419
1043
-569
-120
4710
2195
2816
2460
3869
-4833
-2892
-2291
1619
460
33
-2553
356
3846
182
1681
4300
2269
730
4834
-2663
-4266
-250
3085
3500
4719
-1091
2811
313
4483
2236
1620
-2306
566
-3045
1033
4737
-2034
3603
-2255
1137
1390
3354
4317
2270
4704
-4102
570
3349
2429
961
-3245
-1740
1180
-1663
-2479
1116
2310
-2490
4224
3444
3634
2696
2718
1145
3698
4998
3811
-3053
1112
-333
-3624
2243
-1674
4173
2998
3785
3153
-2265
-3173
675
3473
4905
-1141
1039
-168
-3186
-3087
1
-1876
-4117
-1631
4560
-2029
1679
-1685
1930
3978
3845
-4562
-3416
1074
1174
-1257
3581
1031
4124
3444
-57
-1554
3522
1977
-3176
-1989
4919
-610
1055
3708
3009
-2909
3999
-4778
4237
2449
-2271
-2646
3493
-2161
1189
-3629
-1093
-803
-1708
-3938
4418
-1967
-2559
854
-3861
1452
334
-2116
-3859
3943
-3302
-4176
-1330
3023
2520
1438
4270
2922
-1269
3415
-4317
-3531
237
3771
-4194
-819
2287
-4672
4396
4854
4411
-2654
2601
-2726
2677
4839
335
849
-4288
-3555
2733
-1862
812
2099
3171
4436
4285
3329
3737
2139
952
-4955
-3906
-2094
1846
4378
1822
-4135
-1045
3398
-51
1451
4672
4545
4641
-3065
2316
-1314
3452
-183
1713
3223
1654
565
-573
4633
-3255
-4961
4419
1337
-1114
2793
-4582
3345
-2235
-3046
-3471
-1524
-4407
-1224
-2659
-2999
-3646
-1902
-3352
-2449
-2036
3292
3242
4158
2853
455
3111
-3779
-2868
-4548
2434
-4666
1141
373
2799
-4246
-4071
4537
949
3474
-790
4050
-2462
1187
-2173
-3843
2713
-2579
3022
2413
1351
2432
-3680
-1173
-1180
2764
-4977
3422
-3900
-3340
-1149
1252
3869
-4595
-1942
-2982
3410
2072
1894
830
478
-3062
-4079
-2850
477
-3515
-4351
-3588
2772
853
-3674
4129
-543
4905
2527
-4581
-3843
107
-1379
-4988
-627
-2818
-3472
-4240
-1464
4707
285
-4429
899
-4360
801
-564
1112
446
3887
-606
1477
4213
-2555
122
-1551
-1738
-2899
4722
-839
4140
2591
2125
1849
2864
2852
3755
3094
3088
4005
-524
-4856
4796
-3694
-4974
2357
957
3870
1144
2775
2881
-665
1122
-272
4695
-1036
266
2132
-3133
-1112
1124
4661
2255
-1597
-2345
-1156
3855
519
-535
-3213
-3345
1991
2805
-3985
-85
4108
2284
1595
-4886
1121
-4043
-432
216
4894
4978
4288
4511
-1037
-1039
-2974
-3838
-4662
2763
2487
-4795
2750
-804
2475
-4036
-1845
48
-3113
4478
4779
-2281
1556
-3051
3999
4004
426
-2235
-1233
4680
-298
-3337
-2488
-1931
3370
1746
-2012
-3006
-1474
2724
-2456
1867
-4108
-4414
-4506
-2191
-2263
-2198
3539
-3835
2263
-4927
-3453
3260
344
-3842
-4096
4400
-3114
1458
2586
-1084
3693
2130
-3688
-895
3313
3346
364
-3903
-3268
2272
-4059
2503
735
-454
4062
1129
3034
3757
1236
-932
-2361
-4020
3540
-3413
1281
-71
2147
1859
1538
-3133
-201
-835
57
2140
-1309
-2951
2859
4533
-1632
499
1792
-3016
-2458
-1707
-1650
3026
-1366
-3031
4227
4843
1873
-887
-1365
2883
291
-523
-2286
2315
-1637
3264
-1165
-4435
-373
-4072
-609
4057
-1892
-3360
3466
-1314
2306
2155
3215
-2767
1390
-1145
35
-724
-4706
836
-4041
2038
-3265
1104
2823
-4469
4418
1328
3615
-2472
4364
-147
-3570
-3259
-3880
-4744
-4990
-1393
-3529
-2805
1155
3745
-2616
-1218
4716
478
3122
-4941
-4173
2062
4814
-4833
714
2323
-2143
1941
3342
-682
-1689
1392
-4611
979
1372
-3700
3444
-306
-3277
-926
2918
1216
2810
1918
-4535
3554
-828
2863
4795
-972
-1562
1931
4770
-2565
2110
4236
1504
1797
4380
-181
3125
1786
-2508
-873
-2513
-3423
-4452
-1486
3740
284
-2175
-871
-848
1489
1942
-3970
-1006
-507
-4132
-61
-1616
-441
3101
2260
-412
-4217
-2319
-3678
3918
1361
-1004
-4264
-1152
3018
-1425
284
1081
4805
1555
-3453
2729
-3197
-316
-2527
-1661
-331
-3262
-1075
-1488
-4833
98
445
-4016
-3910
907
-254
4620
566
3373
-350
1111
1371
2412
1006
-4381
-4454
-4213
2848
879
4229
-4894
2563
2958
1559
-14
-3073
579
-4175
-577
-257
-4152
2322
2924
-927
-2482
-3517
-2763
-1879
-2785
972
-1643
-4270
-3729
-202
616
3443
4913
-4674
-213
617
-3930
-4333
-4448
-2426
4880
-820
2429
1718
3060
617
2020
-3030
-4242
644
3741
-3132
-1729
-1261
-3889
-1811
-4783
3150
-4339
-4602
-1157
4775
1101
-4919
-4865
-485
-3179
1099
1169
3443
-1601
4992
-781
2519
-1589
-3653
-3525
544
3938
-3967
-90
-2040
-2088
-1175
357
-4575
-4596
-4702
-1274
3470
-950
-3167
1998
4290
127
2213
-1871
-1853
2044
1976
3700
122
-381
1189
874
1498
-3554
-3615
1579
1131
-4000
-4600
-3901
4322
4771
-1052
-4538
591
-2416
-804
1601
2130
-4146
-3577
4684
-678
3409
3195
1963
1548
3187
-3497
-3628
-1556
849
3817
779
-3013
4684
-3444
-4040
2830
-2032
1618
-4662
-1738
641
-134
-1483
-3423
2129
-961
1831
797
1102
524
2217
-3980
552
-4961
-3983
2713
3808
3673
-4860
-1491
-1748
3359
1992
-4275
-4248
-63
-3513
-2436
-2090
3797
-2177
2457
-4122
-2929
-4649
4397
-4784
654
-244
-1421
2062
-1690
-1254
3076
-3321
2373
-4954
1646
-3130
-3356
8
2976
1209
-4723
4694
-2556
-2603
-3804
4667
-246
-3849
1491
4070
1437
3285
1493
1407
-3435
4883
-3745
1636
3928
-4974
-842
3666
-4563
-557
465
1087
-3441
-3847
3916
-2060
2234
-2500
-2731
-936
-3995
4521
-2697
-3256
-2836
3623
2161
4931
-1160
-1212
3875
-4879
3517
-4786
3700
-2701
-4191
4398
1138
-4555
1460
3359
-1961
1504
-2032
701
-3948
4173
-4306
200
-1235
-236
-4702
-169
-3120
1298
-1067
3865
963
-519
-4243
3350
-3350
3441
-3749
-2252
914
-4980
-144
-4217
1325
-728
-4675
3168
-3142
-3235
470
-4794
-3760
-26
2929
-943
-1641
60
-2719
1170
2419
-3954
-2102
4145
-3411
845
384
-3665
-1552
2948
1473
1114
-1907
1428
1099
431
1676
2237
-3333
-4663
1920
713
-701
3559
4373
-125
3895
1948
2664
389
-507
4896
-621
1327
-722
-2604
3091
-925
3365
-2589
-2952
-1604
4867
3284
-1415
-545
2485
-1717
4978
-4950
2771
479
4891
-3078
-19
-1786
-2202
2521
-3020
2573
1092
2915
-3534
-428
-3724
-3559
3655
1382
-2375
4671
-975
4358
-3161
1584
-4889
1109
-3254
4145
-2606
2368
3
-2493
4200
2021
-79
-3406
4647
1894
1943
-1718
-4677
2695
1231
1338
-2212
994
-117
-3808
-2873
-3894
-4749
2676
3110
1308
960
1153
-481
-1983
-940
3678
-282
-1856
-3260
-198
-4176
4976
-12
-970
3205
4171
317
-3972
-1744
751
-4307
-1411
2887
-4098
3179
-535
2242
-731
3173
2135
1018
4649
-1928
-2683
-369
-1955
4811
-1623
-4907
1504
-3767
2885
2220
964
-2615
-135
-2469
-551
-4677
-4413
1833
-536
370
-223
3415
4188
-1992
711
4221
-3686
-670
588
2528
305
-1726
4815
1132
-212
4611
215
-172
-2875
3204
184
1059
2260
276
-3535
-4898
1701
2918
4081
3656
-3817
2273
-3334
2225
1680
1431
-3825
4300
-2290
2320
-2553
-2980
-4024
-814
-3805
-4534
-4125
-449
-4980
-2667
-879
4364
2021
39
1412
-4855
272
2000
-3983
2801
2428
-2382
-1297
4448
-836
2776
-466
-3348
2211
2963
-2956
-815
-3684
2498
162
4701
-3018
4973
1414
-3803
-357
4014
-2406
2066
-1422
4637
2457
-84
-3813
4423
-2142
-511
-3480
-582
-3611
-4255
-4357
-2160
1498
-2231
921
3941
-3519
1019
-418
-4090
2499
-570
-1541
-2168
3368
-3209
890
3602
50
-932
-686
3753
4999
2017
-155
502
-68
-3655
-2121
2805
2316
-2326
4858
-547
-1272
-4539
4356
2567
2088
-48
3842
3757
-4528
-2286
-1306
176
3502
-101
2235
5
-4801
653
-951
2638
-3631
2523
2868
4273
4195
-2211
3343
1191
4361
-115
3054
-3469
1532
2705
1449
-3220
4638
3141
1372
-599
-1621
-4636
235
-104
-453
-1037
1235
-2212
-1085
4074
-3140
4673
1932
2672
2362
-980
-4997
-2014
-2957
-1901
-4577
2607
-2869
-3690
2314
-3837
811
2489
-1482
-914
-4176
3376
-3799
-3775
-1121
-2506
-1005
-1404
-3258
-2615
2452
4422
-2018
-1467
2651
2674
1100
2763
1033
-405
-4937
-530
4483
2308
4884
4395
-1850
-3346
-98
3346
709
-4721
1393
1333
-4690
-2309
-2907
-4900
-3476
-2158
3975
-1918
4709
-4762
4067
-3089
-1902
2903
190
3123
3887
2652
3216
-3444
441
656
-1393
-428
-3548
1511
-2762
411
-369
4796
804
396
-3089
-1655
1473
1598
519
3873
-2484
1129
4985
-4579
-1793
3459
4839
3857
2292
-137
-1006
-1078
321
-4864
-2396
-3289
4814
-1001
3785
4401
-1609
4343
-4185
-4967
-4307
1401
-98
-868
2024
385
-2294
-2747
2279
-1260
4262
4527
3719
-604
2139
2021
-2543
330
-4921
969
14
-897
-4152
3357
-4554
3687
3303
4193
-3210
-2517
-4719
-151
-416
3185
-288
2890
2636
649
2281
2226
1469
-3002
-2097
2609
3230
104
-1531
2743
-3189
-2830
-432
-596
763
-1523
-3926
-1274
-3733
-1176
3587
4938
-873
4938
1090
-2366
-4031
-4666
-2502
3079
1763
1161
568
-1557
-2079
868
-1352
4790
2472
-256
1671
-4645
-2220
-126
-1070
3911
-995
-915
2094
-3547
2960
-4657
2321
-1456
2988
841
3006
-58
3443
2302
4366
-2922
1457
3127
57
4198
-279
-400
3861
2147
2362
211
1813
1669
-2704
2127
3058
4334
-3161
-2508
3351
3632
-981
-2738
-4042
4920
-2789
-3556
-1016
651
4187
3148
-4030
-4005
249
3652
1267
1909
-3497
2351
-1527
-789
2391
-2717
-1468
-3287
-4395
-4997
1058
-1754
-2691
-4986
-2406
3945
-1378
1099
-3884
341
2567
678
-2523
2979
445
-3836
-1528
-1909
-4658
2871
-1432
-2050
3680
3254
298
3186
4883
-3355
-3417
3787
2629
-1460
-4440
-1421
-92
-4906
858
390
-4226
-2472
80
2220
-4700
-276
-2904
1491
-3891
1146
3126
1545
-537
-4670
1948
1891
-1832
-3176
1163
-3859
562
-4900
-1405
-1889
2117
1860
4774
2199
-241
4233
2811
345
-4145
-4069
-1025
1280
55
-1774
-1146
207
895
1954
-2370
-3751
-2859
442
580
4681
-2430
-7
288
-961
-1239
3661
-4916
1960
1177
-1847
2258
-1319
4450
995
-4237
1175
2356
4839
-3613
-4331
114
2219
2114
2987
-2266
241
1510
4816
1070
-1854
3540
4485
-892
-4579
2669
-4211
4219
3004
-1979
412
-4299
-2738
2543
-4582
81
-2505
-4621
4660
-4782
-4607
82
-4000
-2021
-2644
-2287
-4565
999
1353
161
-4431
-1291
-3665
-4833
4969
-2720
488
-298
4794
-3236
3500
4498
1149
-1524
3944
816
4704
-703
3562
-334
-2764
-2947
443
2398
-4971
-266
-3991
-1690
2723
-4762
592
1154
-2671
-914
-1915
1225
3145
1403
-1489
1983
-4070
-4175
-4958
-4296
2176
-4924
-2487
